"","X1","X2","X3","X4","X5","X6","X7","X8","X9","X10","X11","X12","X13","X14","X15","X16","X17","X18","X19","X20","X21","X22","X23","X24","X25","X26","X27","X28","X29","X30","X31","X32","X33","X34","X35","X36","X37","X38","X39","X40","X41","X42","X43","X44","X45","X46","X47","X48","X49","X50","X51","X52","X53","X54","X55","X56","X57","X58","X59","X60","X61","X62","X63","X64","X65","X66","X67","X68","X69","X70","X71","X72","X73","X74","X75","X76","X77","X78","X79","X80","X81","X82","X83","X84","X85","X86","X87","X88","X89","X90","X91","X92","X93","X94","X95","X96","X97","X98","X99","X100","X101","X102","X103","X104","X105","X106","X107","X108","X109","X110","X111","X112","X113","X114","X115","X116","X117","X118","X119","X120","X121","X122"
"1",-0.169475237827281,0.0362708979620165,-0.180734361000008,0.0350756461042891,-0.0200440679929079,-0.0657109718085401,0.109300864461862,0.0537915400965101,0.1853983015303,0.390516750643368,0.105705419637292,0.123000075312641,0.0576003150923941,0.146324839534361,-0.161850371448076,0.0615482710951731,-0.0989228210321524,0.0129031168142886,-0.0865100477817,-0.099434402711957,0.165907041543589,0.00267643368402759,0.07674996110177,-0.0787214063619653,-0.0378306232746177,0.00448351304787137,-0.117905020280606,-0.184614085779194,0.0673575469165008,0.0246078522313437,-0.0767688350456049,0.00618351476513138,0.00748522601967676,-0.0962187414331302,0.139426386539573,0.0954036986480717,-0.0949209521440372,-0.274335847587189,-0.118604911451392,-0.148180835881018,0.192267904088213,0.0107984239711095,0.153649714415693,0.189660610036709,-0.0127675253850394,0.0552198596904443,0.123780009908068,0.150611861049406,0.0310974791677378,-0.021048076233662,-0.249969633861297,-0.052685651687458,0.253517332724704,-0.0158580368147291,-0.080073671470446,4.3248986511339e-06,-0.0348470031072422,-0.0454474369705593,0.0927535917541339,0.0695714671253942,0.133907498105833,-0.0850663352527003,0.0665075043835222,-0.107770440648258,0.299222708602197,0.101753492498129,0.208267206777616,0.0143583088714942,0.0668301609577478,0.22902580060158,0.0715377818632962,0.0290927855501829,0.0361733171683015,0.0147552131260474,0.069865787689092,-0.187089826616021,-0.163080227307828,0.012400530286527,0.0807075661749062,-0.0445470187713516,0.0134733244376693,0.112759654492265,-0.0814152236421071,0.0340202318698818,0.10675809070498,-0.0524326848874859,-0.0757848706721077,0.202376979064054,-0.112661120413982,0.0589668818743769,-0.0301135185785401,0.171654881098815,0.0232292618510705,-0.161090739261436,-0.0867967120022886,0.203413536062148,0.049004770208975,0.0314761553633683,-0.0327413613729595,-0.0866835656645177,-0.0409511465460316,-0.0433882054681887,-0.0415162079340066,0.266977432427199,-3.52800615241253e-05,-0.0624111411658795,0.0793632977141402,0.00485118699836365,0.0372414107020018,-0.00156239533086572,0.0565503685091078,-0.0426681148312531,0.112992439803357,0.250043833573061,-0.06931184427978,0.379854577713808,0.029959007470111,-0.0802793806034798,0.0328562217333854,0.198418660778369,0.169564087239741,0.284291499377637
"2",0.102993968926485,-0.0304198563421435,-0.209310435597882,-0.0133728021289809,-0.168505781790098,0.0898583549775524,0.179894364044683,-0.0759374033962354,0.0351810287962691,-0.107554882431064,-0.190666555000699,0.0275338659105216,0.18114436603276,0.0514519589335601,0.0496972667596938,-0.267679413778892,0.077687958493891,0.149837607387798,0.0699351941451113,0.0708302895181991,-0.0959377617364088,0.0947755731745417,0.247972140379041,0.0568007979363802,0.02352570199394,-0.0264759200405592,-0.18965798272634,-0.222671362326297,0.00221769149636335,-0.0949199112590826,0.0783156716579459,-0.258234380392069,-0.0136587437586868,0.0743658874259691,0.0301042297746126,-0.137470763640934,-0.0238329545578493,0.0447022991926423,0.0361338239832956,-0.00748777018161396,0.197882089945718,0.160952550198861,0.24752227348869,0.118070351909385,-0.127742379495918,-0.119752121872916,0.0821345798898924,0.00942802501075835,0.21682623229744,-0.0153611104389663,-0.0743197854813098,0.145297683973665,-0.0275304004185056,0.216573408701978,-0.119100392119222,-0.0277927935796967,-0.0163743397650025,-0.114913462258007,0.0294842875661941,0.172523144382015,0.127573627739284,0.172704294473186,-0.00216626071430344,-0.110821929348539,0.116600346279298,0.0668781477672236,0.102537759577735,0.0202768891516539,0.115290346315505,0.22390750195898,-0.084546977678789,-0.0770051485973859,-0.230776244011136,-0.111417527369199,-0.0898189537884433,-0.0720042340548579,0.218942155061028,-0.0932967036230349,-0.0219236366811502,-0.0666060932400024,-0.0161967555538439,-0.0489374222229334,0.300635359287841,0.100682078103737,0.179517403318329,0.0785686553245862,0.297380192708912,-0.130556636936278,-0.032741553057997,0.0997169341619475,-0.0234802428874821,-0.0666632210740753,0.0745892861561901,0.0201882248339769,0.169013099021245,0.0419194106387163,0.221024887137107,0.0998658882346016,0.159818350976736,0.110479506374042,0.0765608981330867,-0.166805094547322,0.187532148707597,-0.0560585379340853,0.0597109175695686,0.120511161433535,0.138567198061177,-0.224255682106217,-0.0683395404666685,-0.0188373262914629,-0.0764382974792184,-0.0988554476862933,-0.0635103333003632,0.267748594588828,-0.0576770727207618,0.129060717755761,0.219191284720068,-0.0788149225411466,0.0733076628694911,0.190425436037817,0.199819202980947,0.193958130142013
"3",-0.0499838705110759,0.166502326084071,0.0862942055981669,-0.0969271216543496,0.21725336676876,-0.141140487668271,-0.065361602195857,0.0703742040591748,-0.0899259320958885,-0.0169851803665844,-0.234098304658558,-0.375881893651402,0.0663632414040479,0.309613507416349,0.0837147125033616,0.039514887089198,0.0937008019653032,-0.123438052710815,0.00211938694977141,0.160706148459991,-0.0641811384087409,-0.023620644092716,-0.0283118273588869,-0.115555708845764,0.0710425618196169,-0.0140908142241052,0.144534021365061,0.0349119460597839,0.0877044372256193,-0.0674777919078107,-0.16283410073318,-0.0603853173717628,0.0410332147236508,0.0373314059011137,0.00395980170718878,-0.121679035274461,-0.05896082953652,0.0460437788191145,0.238797786806476,-0.0584921554820732,-0.101135871257713,0.0689519372807129,-0.0367408768609326,0.0853298514518571,0.164348845257598,-0.0887557518487051,0.163931376960327,-0.131869856506014,-0.0624653227145845,0.0208840382490154,-0.140115622573928,-0.0288834175292202,-0.0262590198523009,-0.0779485072020456,0.145696401676829,0.198449484256435,-0.184932195739335,0.0801341960888438,0.172818284126355,-0.0574802915981793,0.0284820205296523,0.0871675378775339,0.345251472132497,0.108902953344771,0.174575886377914,0.0356761043337179,-0.0413694034548831,0.101499878265414,-0.0946647574366961,0.0109999964991179,-0.152404881427715,0.12153303274806,-0.103048180471942,-0.0103368332215364,-0.0941356060122802,0.174519634193266,-0.0253039961782088,-0.161951704606547,0.105645845753578,0.140312357622556,0.290136952763678,0.107854130575574,-0.081890588491497,-0.00184343284504918,0.333340691213172,0.148940849338935,-0.012046554558184,0.0347900626226324,-0.0433363335139482,0.24936207224934,0.0696295497033123,0.0246558948253174,-0.0899313935719216,0.0340424413642231,0.231307496684441,-0.104044646249534,0.201999908095316,-0.00506551304427987,-0.0951551703221856,-0.185109933410896,0.125617787105661,0.361990940142336,0.0783268331469515,0.233640150103062,0.23026637118959,0.090574100818649,-0.0265259876006429,0.183920821426809,0.0341493340353557,0.0122401786895845,0.0102184773184399,0.115954548021608,-0.019542439233668,-0.154175119821646,-0.0158588438918716,0.130608998734612,0.0215942604228745,0.178448078863894,0.104167466594166,0.342229712725534,0.237236640012994,0.102944353604397
"4",-0.00770173108009422,0.113940937308194,-0.00947514527372837,-0.119479161507004,0.0107343735397112,0.0135116126597545,-0.0468405960416105,-0.09879582549383,0.0636947085510077,-0.0688488726198424,-0.158409777001768,-0.0427390657026935,0.16864324319007,-0.0140535708276814,0.0185845385611051,-0.0377241934253198,-0.0768408388979643,-0.0693220235570044,0.109586243120095,-0.0541936223914373,-0.0484848284681829,-0.0406376544113284,0.144713326685877,0.233743083740701,0.0635669564539656,-0.283174993697604,0.207306614332256,-0.0813654171474392,0.183485970315345,-0.0919847273022665,0.0218384276798919,0.228974255227084,-0.125699064287197,0.171277864536885,-0.0544333107284972,0.0660335874696796,-0.0318375710452524,-0.161971628182396,0.169881509691333,0.168868560411405,-0.254382648290121,-0.179989546094099,0.0386992738662937,-0.0448708175186025,0.198755896361762,-0.0754793539880948,0.143391619087653,0.281601890985309,0.129214803817471,0.212881437762421,0.10268051361379,-0.209214258965913,0.158854831955209,-0.0220968495481223,0.0891109164203435,-0.111258354304028,0.183915864541159,0.259610357238408,0.336883166892149,-0.187403973240601,-0.0631721234961499,-0.00922962940096161,-0.273313845878467,-0.0635132334602073,0.0922418385183869,-0.117644523665443,-0.0534720006476804,0.0152245039592268,-0.0377796083761573,0.0310506043193092,0.124513970900675,0.244775783546175,0.0990606293343319,0.050419716281028,-0.281895181023402,-0.12477400449254,0.219523071455282,-0.279577921096285,-0.143805610597656,-0.108991845716525,-0.271509097814126,-0.0997630424018262,0.205775414651177,-0.0186335649862164,0.335374228291043,-0.0838427311437859,0.0230486811686579,0.00442950908960503,-0.0664142914194167,-0.01489788651417,0.102024038593034,0.104063804588652,0.215146991032858,-0.124893628269876,-0.0813534526048359,0.182298945516631,0.1966936348976,0.308477747398102,-0.131838858841125,0.155652222809071,-0.0863565908972137,0.0200494938896765,0.118566556472423,0.0713416803820754,0.188973756190486,0.0682350316449233,0.0938047654330747,0.402460091816159,0.124931253926316,-0.0368248208991013,0.0759405996833831,0.0661989346025938,0.0925980348891545,0.130675004205555,0.118093065295872,0.143786070117751,0.157099155117085,0.143434557955414,-0.00389975603722924,-0.162795792065283,0.0784079917052041,0.0660162527450306
"5",0.145292970310952,-0.137375538778663,-0.0557406164065245,0.0213469897124214,0.264878224044479,-0.0522269293473156,-0.206992468713812,0.215894535288033,0.151121948162332,-0.00729557202849235,-0.0131068709885031,-0.22794227199491,0.0193322030283792,0.116768313694123,-0.0311411548890156,-0.00741348720390119,0.0660433351226599,0.0395428567827457,-0.124044360261237,-0.0197976294411073,0.151286518517591,-0.11403250801052,0.122833552063748,-0.0391795759084312,0.0848809056879806,-0.31695275821483,-0.0466258644372991,-0.106686868516004,0.0951160899070329,0.0438641714354034,0.168708508406573,0.0696527440923995,-0.0133197877233982,0.0108320840091048,-0.192390898031991,-0.134218560742705,0.0202922247960211,0.0361655952151558,0.0382925041621068,0.0672713281206558,-0.23864464667603,0.135710765754789,0.0170926973879424,0.174972065222013,0.0202066607148556,-0.160165366712179,0.13488104698048,-0.160264947918817,-0.0705908127334515,0.0316602569380462,0.0477379602605336,-0.266181291238467,-0.117750236318755,-0.179409530445054,-0.171394865201776,0.176611468636787,-0.193376436051318,-0.117019807267769,-0.103860543630154,-0.179431507983972,0.0180998899648683,-0.0103095477018567,0.0281825502626126,-0.252456716772351,0.00437839260013818,0.102664684933667,0.0133397197451934,0.0372937028243456,0.215022916601344,-0.100059095230452,-0.0893330693594876,-0.0291992809695432,-0.0714203145336182,0.0885656993805012,-0.0396989156965058,0.00708901030986222,0.0806083369512675,0.0627836713402199,-0.0790568102337976,-0.16789880280138,0.222744356489142,-0.183610980406375,0.277471913220434,0.032255072218214,-0.0760493967682312,0.0077217303115981,-0.132583064573462,0.115078260498152,0.0971365213964532,-0.0524947072750613,0.176304277155619,0.108346230603529,0.148553628363692,0.0526068460614353,-0.0246207748487168,-0.229723688563954,0.387119785931985,-0.0525337735485853,0.0568852817815213,0.0178603309070317,-0.0106243398980946,-0.0291102713000418,0.0835180857050513,-0.0186868328771064,-0.0209387972622406,-0.0399286867291473,-0.0106814516939225,-0.0601591924985562,-0.0142009130197591,0.127027735783792,0.0559080649811644,0.0796312147931321,0.12420169860631,0.0616463139629917,-0.0665462321410367,-0.0724803081836388,0.243893823841847,0.211845688301908,0.0316271004812955,0.147737658720662,0.0760852839486638,-0.25210717611876
"6",0.021089776781991,0.153651839356925,0.130585373586495,-0.0866266357546097,-0.0719218863722432,-0.028418299934461,0.031704368601878,-0.159082349988297,-0.112258163953035,-0.219636368081909,0.12176026322613,-0.13887607510154,0.293346020223118,0.0744346443448673,-0.0609742370095836,-0.0974101008354163,0.200520546215365,-0.157738794848527,0.0743394219106138,-0.0341813656260024,-0.0570850374225901,-0.0133036909812203,-0.21565802227899,-0.0695330973075864,-0.062194718465728,-0.190892620603131,-0.0992051135926759,0.0518517776383227,0.115372359821833,0.25327666984,-0.0540921759010437,0.102723073073657,-0.0735914938804656,-0.108412520503195,0.167738230850141,0.00623231958130242,0.13194041284406,0.0193964025032046,0.0699556860467336,-0.0298122038080306,0.213536109193132,-0.0925503233894907,-0.0184136036564501,0.137912263942756,0.352934666778737,0.0369864931428349,-0.0321168490419873,-0.040002965566916,0.165994967618381,0.256833005743651,0.0633060194635537,-0.0359865890536182,-0.12770010687508,0.10139424797932,-0.245493958498931,0.29768993023391,0.173854329577773,-0.0749324594982487,-0.0788315534151591,-0.0880897324435354,-0.271549176734096,0.183248557817001,-0.0555361688653846,0.23602243930544,0.09929072275782,0.09260083756495,-0.115663504014303,0.133062210325505,-0.0557373236505894,0.0776823186490184,0.0966282234052414,0.0605043089218494,-0.026600329645415,-0.014111359155117,-0.0500489237875289,-0.109102371494929,0.0709840015562385,-0.140557085359294,0.193781335505056,0.076522447379456,-0.0732670495162839,-0.0620038499146119,-0.115399145316007,-0.176929988952608,0.0591770554952445,0.167526396166587,-0.219256831477345,-0.0465071755750721,0.242939221144397,0.118567470827417,0.00771869733408311,0.0552004259832423,0.0891078944937271,0.00548939811505923,-0.0942502909403337,0.0969859453211479,-0.0875846290948368,-0.0701900188456608,0.145321971795589,-0.06872600488664,-0.0448072508026168,0.292521817682848,0.168679967769058,-0.0724902831600117,0.0678874114750715,0.0949026695256047,0.117207941929782,-0.0146462372126511,-0.0117582390618016,-0.022775437147424,0.415845361566082,0.143628010406921,0.0448721654611973,0.129348309433989,-0.073120930757493,0.254569071860844,0.104005380545945,0.0594304013831893,0.13202901181262,-0.125806223063111,0.0522396147540918,0.0561353677090047
"7",0.0719468552293479,-0.0591136983978771,0.00400261652887161,-0.118756213216562,-0.159891615433505,0.0217231451816371,0.131899339570996,0.267486430399999,-0.0951442251855371,-0.0114142602737871,-0.13886834989349,0.0737322303031241,0.167873428090956,-0.0655114327757959,0.0352307105833265,0.0943427374062173,0.0808574135673398,0.0843730943274593,-0.237247026277499,-0.119620955420724,0.113525115681449,-0.15618209888939,-0.117661802414677,0.203230099057236,0.141678948782687,0.00897007578586326,0.311150372786381,0.0302626985438643,-0.0279793820388718,-0.026819037374221,0.18698630022542,-0.0753162666270134,-0.150682708729004,0.102918461453187,-0.0787448700773965,-0.14984118078277,-0.0877760010591276,-0.0630056787261807,-0.101822552856304,0.106885074269267,-0.035114447476753,-0.162561343848144,-0.0770096550868944,-0.215077848703554,0.0342333834123035,0.106201512890659,0.351154075455419,0.0816459563086355,0.0334413444313268,-0.0626095144257418,-0.0864654445638252,-0.238783003647469,0.00726580242088826,-0.188245268135249,0.0785775759385544,-0.134468417497424,-0.111880566069672,0.0984066655776554,0.0235322001620167,0.239394846572853,-0.25024036769269,-0.0283762509117804,-0.0713939151915187,0.0275598891412605,-0.122311914283139,0.0338090424787653,0.0684787638368975,-0.0459292893369912,-0.0381112188558957,0.158342114567909,-0.282883224766722,-0.20327916686675,0.0520583228546076,-0.125540808354526,0.135056548972549,0.407011135151832,0.193226910865802,0.00460810405984569,0.0461080656008752,-0.0308173698989569,-0.219567393007164,0.0498847250909159,0.0677821718765438,-0.0593520281702432,0.25898839483962,-0.0482335363045339,-0.101541111246733,0.0491955968463241,0.0124787259576033,0.0923839175483304,-0.00730192441203821,-0.0862559288419156,-0.0973452374280516,0.0764278372228686,-0.213349741722642,-0.0809097623025221,0.25443372479628,0.170307266596285,0.136927454839488,0.00015284327233326,0.285487469837628,0.0310147463426539,-0.127922675192481,0.241594906998398,-0.073557638121918,0.270930570162653,0.143481915415656,0.00290646646204915,0.0297019877013166,-0.052076159351301,0.0954419168734469,0.0325951648290133,0.0622937450901889,0.148158202864514,0.161041106674653,0.269880529371505,0.499033401830414,-0.062253149324703,0.307057205672896,0.251044578793383,0.427918984282269,0.356540672420461
"8",-0.0282640178170735,0.0361450829915202,-0.0779602307580779,-0.0121027990952451,-0.0759017107101903,0.0293837524788758,-0.0199291037249428,0.0966272866853481,-0.301722957980395,0.15235627792976,-0.0478866085078918,0.0535021953909555,-0.0296885809052068,0.0106167312095645,0.115803392195699,0.0474340791695884,-0.126612724370899,0.187225272765735,0.00400544002506912,-0.19498971500003,-0.0905802449520394,0.247339526506262,-0.0256678328410274,-0.0920041982911086,-0.108345279177614,0.022161976489411,0.181678729543595,-0.00821523146768727,0.0186896607293898,0.0525600692107622,-0.0212220474935163,-0.0774458702351228,-0.0771812675345881,0.29043212042276,-0.206342355042325,-0.0889308934577024,-0.00969284609811362,0.0437599256199255,-0.196143647307885,-0.0486200391793687,0.32315526773839,0.0525734148454405,0.0668057939446647,-0.0963848156212168,-0.0187370241141113,0.0705748707996475,0.0498426147890498,-0.105100559819581,0.0162558797860435,-0.000934915696566356,-0.0412822863394253,-0.169932890568624,-0.0623942942761328,-0.126827344126098,0.0577046606230855,-0.165051976910022,-0.0290450827186024,-0.0241594060054619,0.375470605416704,-0.0924088565073387,-0.0652863497861112,0.0466281313367442,0.149360735624833,-0.137232485561212,0.194113653399075,0.0647374355238825,-0.0583547827071791,0.0679753435894678,-0.0293411070515971,-0.0963494324646685,-0.0137254564819015,-0.0567835296757103,-0.249140550296879,0.160413635367022,0.235608109864083,0.0319984500428268,0.0779344089210378,0.0825632656735242,0.106075286790172,0.0283450397008074,0.132656297048388,0.220980276465575,0.126309421692327,0.0914070231170937,0.00934265518473794,0.0752077440510752,-0.205467284097865,0.0678576778454038,0.0998265244697882,0.159490269604697,0.0292604401776405,0.243858500432393,0.154757352067002,0.00993083421466412,0.149128874162327,0.0589114477808994,0.132610509496194,0.160694034143237,0.0309555686457214,0.121855641596129,0.183971343710187,-0.0467493979158991,0.160056518673912,0.0544433387737467,0.197267917637425,0.258046047939951,0.250271912572455,0.259211153617982,0.0228532643105202,0.11494056029055,0.0430293553983489,0.333968783962503,-0.0621991246776288,0.208004982096925,0.363793015709583,-0.184265673897446,0.18464292982921,0.148302341549598,0.190803553994048,0.247886203965716,0.360720779382805,0.0251183958059802
"9",-0.136011686874761,-0.0344284153248028,0.0455097525648714,0.0771364597473973,0.0240740472544317,-0.0994198696960428,0.15588293016668,0.159349711001587,-0.0634787894073414,-0.193133867401821,0.1660268106581,0.189078343834221,0.0956875028168869,0.106494392075039,0.074582753724539,0.102995039556487,0.0129047730724843,-0.302834183442248,-0.0504026435470348,-0.0108104112085197,-0.140580292458678,0.0841663164777806,0.0286437736254779,0.219952741273731,0.0637418663168467,-0.182371264675959,-0.187403622932429,0.194120288478986,0.0728068100445502,0.199761843641608,-0.1900346663087,-0.00583369479384597,-0.0910167678991475,-0.0879945183114057,-0.130959916953895,-0.00986717226622621,-0.0176477077404938,-0.0756873040700215,0.00573314087053143,-0.045078227114176,0.131663567098476,-0.155317841873166,0.0348028621443459,-0.190392615308159,-0.0491522189183726,0.0349671311026704,-0.0303455524489994,-0.0309141292051901,-0.0172166648917412,0.220861467289124,-0.0240416462326126,0.10447384710914,0.00882921801208452,0.0451495282667792,0.0134306608270477,-0.0218727805441972,-0.108293501687634,0.0908916209167042,-0.0184425462476296,-0.0713807805281881,0.145962895820006,-0.0963476556074949,-0.109731773067914,0.222040568206481,-0.237151594821696,0.171439732062354,0.223517577878291,0.118790179336392,0.132376162676257,-0.224956171233247,0.157032222904911,-0.0690183922941697,0.0391236924115834,0.354175702649572,-0.0382694387885385,0.148479364333153,0.212707307036,-0.160359956755345,-0.044668760038956,-0.0314560143940015,-0.0367558271460849,-0.13234565174458,0.0398541357121757,0.154820333663257,0.0499721622473753,-0.109928313876451,0.167493284902412,0.0361200612898573,-0.0946917289146142,0.0507885195976899,0.00129491532131946,-0.0626145027796437,0.154122489022782,0.0208838639758499,0.0650337673005197,-0.127877551162976,-0.0570059422425729,0.157773237868367,0.11783774886261,0.0735127963228466,0.0852093242629538,0.198078275879734,0.192593532617572,0.0947789962787372,0.248333343821808,0.164729630440913,0.0430603279723637,0.0780206659167424,0.0174982657574815,0.0550638111434616,0.116450276326711,0.0502780166576719,0.0252608570075434,0.165371362577713,0.0814929241799487,-0.0635492843667232,0.290177494455469,-0.128785329582919,0.0216417127603708,0.124341778286041,0.153791522169692,0.173480097922903
"10",-0.163438843497277,-0.0218782444329886,0.0227525995214132,0.208744366046776,0.0385411619793476,-0.127701107499826,-0.0474860132174246,-0.00176397684011464,-0.0556252983535852,-0.0562542411201473,0.151704528492837,0.168375680383535,0.0139340556118299,-0.113632194248392,-0.0429221577047382,0.197921401856079,-0.142292500667799,-0.110253788160369,-0.0416566168867262,-0.0441096662257678,-0.0639480627086546,0.103623306573039,-0.196314725983519,-0.0943332156318749,0.256772324510001,-0.154899853686514,-0.0765977148403618,-0.027313269116,0.249140367801139,0.0779809432296261,-0.0170124265967648,-0.0726173823188787,0.0990993213933895,0.064398293006871,0.142981249122854,0.0957773487080621,-0.32503648464634,0.0472163318822525,0.161962705549248,0.0203625008979507,-0.15311151422433,0.0289108120421449,-0.25096912079575,0.221959379417773,-0.058627404427978,0.0376532830256496,-0.0165233291119254,-0.154689807786608,-0.191959552807958,0.129549774200945,0.0225715650157832,-0.0397155122337844,-0.236976508463072,0.0141593696230926,-0.0534681179896343,0.171841380209152,0.096728290978554,-0.0312319219941869,0.181466767488843,0.14245269224914,-0.107196870178722,0.0537706412703109,0.108090565349926,-0.0335692807064537,0.00539096395305722,0.00808715750508522,-0.0110236004316117,-0.150807858015539,0.173002067637361,0.128459712677333,0.293200143553873,-0.14213855853731,-0.0186003477960975,-0.133876891676955,-0.0968403490984588,0.364423742173049,-0.0831844680149095,0.00635631240602321,-0.164649440792653,-0.0422996284266718,0.212702547276518,0.130122586133474,-0.0481179240905835,0.0293374659734902,-0.0169812905822661,0.0919708823944086,0.174164694018982,-0.0496493934628893,-0.114742419922462,0.122007187437264,0.0404468053286575,0.199313204172367,0.251032574008897,0.260458135196872,0.23044191260613,0.0346537279728393,-0.082571000158195,0.0634193197040591,0.00520375737663517,-0.0343583752522193,0.240086284167096,-0.0810348736451101,0.109282024334,0.246366096771731,0.13512747462,0.135706452281645,0.0815573752613037,0.171760679899629,-0.0595339987980481,0.304555862032981,-0.0801567072896378,-0.260535276189694,0.143421134410687,-0.0761279616489434,0.253503024429428,-0.0766976531026397,0.210703216273646,-0.00574461972291863,-0.0864083704825198,0.137988909002494,0.295471688887353,-0.169203653002949
"11",0.0693042478015948,-0.0645341101478354,-0.20860242667846,0.0419536954173874,-0.12910209917662,-0.181645497366293,-0.0503159523039508,-0.13773821220433,0.112831416434528,-0.136327097806925,0.173008620096249,0.294532316057642,0.0429577175077526,-0.0478703342935258,0.0550710534706933,0.0178951284911933,0.114642115439765,-0.0432075722457471,0.0109713620518955,-0.169746427594916,-0.0490040443976545,0.0073057098635386,0.0652452446566919,-0.0813132574237315,0.127280957941186,0.174884395559323,-0.0339018705938598,-0.00995242565423922,0.00224276792805438,-0.014418898546874,-0.0664055035071206,0.0428923409735132,0.0656107314447534,-0.0432102171765626,-0.0810338072010583,-0.0460006754501032,0.104275975496891,-0.127238696670903,0.17300787381822,0.210129745719854,-0.364626502055752,0.180152212325738,0.00915538116804829,0.156615791129824,0.0448648083154731,0.115279163922829,-0.120251242098043,0.0545955132214882,0.401351776919347,0.417442872643704,-0.0787622114910998,-0.297624936232342,-0.138192828882199,0.0489999325429213,0.0287275969964655,0.0226888475150296,0.0752676257012663,-0.204524141722275,0.134008477711539,-0.0768093791206148,0.123821447650922,0.0277166134868107,0.150716208776642,0.0411159038291397,-0.0744211521798792,-0.092809721720094,-0.0823053113538974,0.247141169720497,0.104808778139422,-0.126437848159984,-0.0211097906690183,-0.0340306745178925,-0.0161399956146124,0.114788811142193,0.0251872349511846,-0.0369704519097424,-0.0455414585272759,0.20697192433754,0.0825147722005814,0.237323553034787,0.364488998233984,0.132981702029431,-0.151701713731874,0.226321704363244,-0.127105523066619,0.110312939675363,0.312852919103778,0.135113362906057,-0.195621603348975,0.0536147805636657,0.0653067547593262,0.0691719665762562,0.46353349789022,-0.0881080081769519,-0.207145145774489,0.121343480990904,0.325801823847694,-0.0291476771669058,0.0219914820368017,-0.179028179666092,0.325959408992333,-0.0078728725228014,0.0853298918203335,0.103958890571956,0.0618956776434683,0.0524618313929664,0.0423056736667997,0.121517566102788,0.0449381220730139,-0.0824054521482495,0.0406974477224194,0.263133866597301,0.0385648520250585,-0.0998594562416885,0.00635597477546812,0.262939833150582,0.199414324873222,0.51645467901591,0.248546711371623,-0.300297478108359,0.237645377022383,0.563083694247117
"12",0.00128737886392245,-0.143130702851176,-0.00996411873603271,-0.139779978996434,0.0648751696972053,-0.0241628401205042,0.0816370407069019,0.0432890028686703,0.0896003403602245,0.0488250406045504,0.0525302661878249,0.00940184883168483,-0.085356955718449,0.0651721515763372,-0.0472986553071155,-0.123779090256559,-0.134176628010357,0.195478905097879,-0.0325847954788668,-0.105799932951709,-0.00708571659581638,0.111444618084942,-0.0286783744196184,0.288553074931106,0.297331035647911,-0.104067248113899,-0.258169444244096,-0.0447721890987606,-0.0505425642314719,0.00511063239705937,0.210895560313954,0.0781817152401596,0.0697349362457915,-0.0573597283348495,0.139017400212207,0.0862472094719319,0.0205345601877678,-0.319507343455617,0.0323323929533337,0.0308847094423185,-0.0988200372106986,-0.207328645791655,0.310988062988273,0.112012847896101,0.215936810001462,0.173208192569828,-0.0466135797303758,0.128945408294951,7.46818808059443e-05,-0.168418474107674,0.053413002154042,0.00387916130591455,-0.0975982922711329,-0.00536733169349864,0.00589302651131364,0.0833842068593762,0.0409325470314709,-0.225987002959059,-0.137559896180406,0.00186072571673012,0.0804069336999201,-0.182339654841389,0.0934124298838166,0.0327318851043289,-0.132473180854983,0.196918931883404,-0.175781177756378,-0.0585114589045895,0.135477649207409,0.128346337058195,0.258333364128763,-0.0968945280376153,0.116959951678061,-0.0196407020716162,0.0546015172218509,-0.0178799224962503,-0.0333160998251953,-0.0221201029838477,-0.150515394425105,-0.0248885831697447,-0.241131102690174,0.00670112670276221,-0.155671545177113,-0.112030506919335,0.317959639223995,0.0836638697765484,0.234816820454384,0.123870876856891,-0.0274615260177812,0.00335224578949041,-0.0996494067673968,0.050876613078041,0.0956852495998598,0.229099985022412,0.0493009451273921,-0.0684883266846068,0.0646246184723208,-0.201887614133737,0.0450494205507787,0.0888651254208016,0.081569566311902,0.188391934998772,0.247720936068412,0.266367515090293,0.373075977424903,-0.0107419858765394,0.194632518787608,0.0237485857107524,0.180480952022711,0.00720589284120341,0.150959526148936,-0.00620409596078319,0.333681193837503,0.189634947901647,0.101538108527816,0.227225830808562,-0.116183344571595,0.0568537946895413,0.215233951330579,0.122147836846791,0.124815030463954,0.149023589251898
"13",0.0436289880394395,-0.0728349715073157,-0.405535738804956,0.0114513878997987,-0.109191909558049,-0.0866389818978147,-0.044285549981316,0.0672360376131674,-0.0758694603570104,-0.217744983395301,-0.0352280211799539,-0.140307283247223,-0.0127844810764899,0.108767763657324,0.167692189241694,-0.0515646268697437,0.233991454818517,-0.0286074230571148,-0.126039198323032,-0.0233193828443126,0.00594572406234579,0.067923934560883,0.00163678714405225,0.116975227022246,0.0611171051263209,0.16366602457971,-0.0487395218866376,-0.131900091989183,-0.027678733027473,0.135678960789991,0.071115732562492,-0.0535261019210235,0.0757280787124846,0.0971243378964384,0.181086283326842,0.0342422564210106,-0.00266245299766531,-0.0333253162356636,-0.113344685105839,-0.153323789878375,0.323218481864273,0.0262259498024644,0.0641422157201877,-0.305591019561895,0.0643541451494614,-0.0698626130497117,-0.0946296556587786,0.108065169178489,-0.00658636965175179,0.194384586590186,0.0392228865718452,0.0276886919452575,-0.168257212604057,-0.068533102950308,-0.0264528662806128,0.00467996994655083,0.0185686232424689,-0.139829403810805,0.0836658433440539,-0.0599530993295163,0.0145805695867773,0.109807159754883,-0.233133397685576,-0.111953368055451,0.123136394366391,0.0167120440711691,0.11459310022917,-0.160662824780762,0.0776760932009874,0.106998430752942,-0.138403617467971,0.0189021217716355,0.129935632727666,-0.287124058622529,-0.174766524399073,-0.132719827347623,-0.125302557749683,0.153202473252889,0.129519089297256,-0.190675373833555,-0.00498063287285752,-0.117486969989166,0.0766265194813765,-0.0203537694237375,0.0751099942096771,0.0145791418766431,-0.0811877607709327,-0.0116441680312691,0.101285305725179,-0.134866722051658,0.388837115967923,0.122167742208619,-0.0664975847574195,0.104866875525576,-0.210223134669083,0.095567654423222,0.0641642412937521,0.0917950375156592,0.0279002880365479,-0.0675441374339806,-0.200731086101394,-0.177854455943577,-0.0447826867932613,-0.0270459680019354,0.313022888166805,0.210670061981555,-0.0459634337793534,-0.132343235545197,0.0341777110930572,0.00381134101020501,-0.129135864424167,0.0429708400954949,-0.0180540567617815,0.240115247105042,-0.0996726083384424,0.161047437742057,-0.184811632949242,0.067628076087598,-0.0352887132775236,0.170564678906657,-0.163652166821305,0.152102583133893
"14",0.0903442321423114,0.0258861268268982,0.104631148976585,-0.105479028908785,0.0366487463025433,-0.0105529628139624,-0.00497432741514914,-0.0417862097375982,0.0740089409047949,-0.15865790861027,-0.0846998277990419,-0.15614680120926,-0.0510518341772416,-0.105328228114173,-0.0699588016215087,0.194087335813406,-0.12322413603894,0.0541112995585602,0.141826143342203,0.00917163436926981,-0.00240274373891367,0.0246751176348084,0.12420357293118,-0.0934190909756127,-0.22140044970788,-0.0646654616943386,0.197872004745465,0.34267328522735,0.150692690082602,-0.00434253543785966,0.136662452344634,-0.113336928761656,-0.0581824328023551,0.177717928423077,-0.00988208311122193,-0.166556238166921,-0.0844449063405764,0.236770405251258,-0.232338846991609,-0.0352359648300626,-0.114225892276723,-0.00968942359528839,0.204331164384377,-0.0898018680048955,0.079723168298316,-0.0260166366619807,-0.11152959158383,-0.0492946813293892,-0.0285251729938288,-0.0347178979524816,-0.076172453244955,-0.170741162426311,0.0897690459891868,0.0400488931717728,0.084311547783167,0.127226872089487,-0.188293382132307,-0.0265009800865551,-0.0275452548751563,0.0955329930437908,0.1876864268449,0.0801379614429149,-0.0632969829896533,-0.0567101796467784,0.184793903666044,-0.0404069624190259,0.109417717606991,0.0548398925787775,-0.0586304820818261,0.0519765345549911,-0.293949938749358,0.11749315754222,0.149497466104187,-0.048905357826224,-0.00950645415940557,0.0412488400681093,0.0506217369960807,0.0405966039295682,0.0112947298909526,0.18477304969998,-0.0316266339511879,0.0818251456897949,0.17640473926683,0.21548544950046,0.0491933067278553,0.0615519973671439,0.121620538318541,0.135027995114233,0.279207660985505,0.0390224482752839,0.0579286025281803,0.110180588987854,0.172103600076337,0.0339009410764016,0.168828892969492,0.0649830942652405,0.0646064755486422,-0.107226257632702,-0.159460268680177,-0.188711879995562,-0.020442013170059,0.0522435367757663,0.0482376543512703,-0.0930212568311253,-0.0281145832292853,0.00328571645395177,0.097134574997104,-0.160221312642841,0.0666390900088627,0.119314753562793,0.156301493909472,0.171917960064476,0.107060241629957,0.373613106776441,0.347378297104889,-0.0595414555412682,0.117505938670023,-0.0129190633983677,-0.101375419797096,-0.138438862338396,0.162979621122682,0.043827613616387
"15",-0.0994141648194483,0.0686593318065994,0.0882859113029043,0.101044774256639,-0.00160101047335983,0.0469628627311602,-0.0526990560339825,-0.0168756647505562,0.117547182704152,-0.0862568997297247,0.141346943079761,0.243551334062427,0.235069849206628,0.0906408289946106,-0.101814733891863,0.00665694176728631,-0.0710677886908634,-0.134685809347844,0.00954708879147936,-0.0402394468177659,0.0559235787762024,-0.0572320669270964,-0.139976709703407,-0.151602337844279,0.0055109159240248,-0.0637025634521394,0.0552007127313498,-0.0841640774492168,0.180803827564777,0.0521887904225229,-0.32011565925826,0.0976322434557361,-0.0832434370934343,0.0487526045875667,-0.0615825421727212,0.0504833025700516,0.014616366908306,-0.174629886479132,-0.0118695268844556,0.338350130693772,-0.251572325812816,-0.0444298147055923,0.0927171201756587,-0.0863185873695083,0.0556745433624945,0.00800834403482502,-0.00576852203307164,-0.00602877233100373,0.0912342741329513,-0.0502121018807489,-0.0212125994364741,0.0623836139954261,0.138062629347615,-0.0631469557217961,0.0236382185595287,0.0918302812391945,0.256763113311199,-0.0174043533097879,0.130792515524602,-0.00577745865036312,0.0325138982189627,0.132639809856812,-0.00957173911947722,-0.0839323115075375,0.000611283794779793,-0.0592054796132162,0.00608353148879697,0.178131548918887,-0.0329386024714811,0.0450101641462439,0.127076103902944,-0.0616630593148661,0.0881167291152278,-0.0285796683351422,0.0204944423284477,-0.0158828810589815,-0.0568780598731505,-0.0177208130288572,-0.106656770439847,-0.00643786920733684,0.0125036221160571,-0.039530395710283,0.0252896012632381,0.0724125311707856,-0.0556660212199402,0.299357249673688,0.0519539240008182,0.0530378719282334,0.142965387069619,0.0281368357984354,0.243786558014163,-0.132263715926137,0.224113436981764,-0.062634086514152,0.0202717717065848,0.102229760466176,0.0070494081205156,-0.168615736123934,0.0589025823962229,-0.070540849021813,0.0799064399106855,-0.113476371847879,-0.0295103296732593,0.0437151772766777,-0.0143493539615314,-0.0585081608320848,0.217015118280234,0.0296391470664346,-0.0561934650848295,-0.0185270425425023,0.160790531188711,0.249081382299264,0.232928253457018,0.019331998157046,0.122218760451073,-0.120843975606641,0.376930626014825,0.198349378054619,0.0383519207361158,0.090499919106702,0.0187790773520717,0.232708204648572
"16",0.249419881022776,-0.242694797736259,0.0249555259367421,0.029129398285795,0.00926513360270877,0.0604343723476753,-0.0793653767242593,-0.09841039401367,-0.0972376482761545,-0.0655249597076931,0.0679068437042568,0.233257454316671,0.128954603526963,0.132830199748317,0.0145282201176961,-0.0254672228477217,-0.0559919959087674,0.101188632935286,0.186363207726921,-0.159181933277426,0.0431014738364783,-0.208697978045157,0.131260345137347,0.096926494230306,-0.0428385228920967,-0.115736663909179,0.123809279119974,-0.00710016855678844,0.14274035830271,-0.162872134008114,-0.127532370166287,-0.048714946199064,0.000689714754106109,0.146320182762436,-0.105257655481013,0.0182309915810784,-0.246894735118808,-0.0748339202114937,-0.127586402742815,0.0329677241508357,0.229956645610504,-0.112296856934818,-0.179363757970961,-0.0716920893104602,-0.237712970550636,-0.042705607030199,-0.126208816144396,-0.0936524432668975,0.0223940277043906,0.0827467189775005,0.0136006568163438,0.0632781686227468,0.127116159972076,-0.186641913410121,0.0918931577894276,0.0573150817192157,-0.0696823580808362,-0.118515820858507,0.0988082864912645,-0.0403690490241843,-0.108080444318368,-0.13931537955019,0.149665251728389,-0.00365792350837285,-0.100162817723475,0.114375606508417,0.00142980865987867,-0.0898664251491952,-0.244247113327089,0.216071555501123,-0.116984843872928,0.0436966850998777,0.0171476703842901,-0.0502001292756132,0.0489842397724956,0.0436142879631254,-0.073939409775978,-0.104102276060747,0.127012401497148,0.0959438967679597,0.179124065752236,0.203543631819508,0.30655984147644,-0.111247252444531,-0.124150131677781,0.142019008577483,-0.039510136533268,0.12938109996511,-0.194587805442649,0.0223708462341903,0.00870833409789224,-0.0615443702704896,0.0615576414374809,-0.0819304494101196,-0.109380848908301,-0.0824565722168439,-0.235828131742454,-0.10835333676859,-0.0179709677982014,0.170378330006065,-0.0299550776293319,-0.0516130661384556,-0.0325888207841063,0.200941253674217,0.0624877088227615,0.386211524303226,0.060155420599024,0.0161138247690598,0.252806218287274,-0.0338558346399741,0.0127870834086888,-0.111320030443368,0.122834006809308,-0.149887627855944,0.117190624168446,-0.0447955807749665,0.00943468166236753,-0.23625482399968,0.10677009064842,-0.070667338757434,0.0101557552700402,0.0184049400536831
"17",-0.154654950156188,-0.331820832243052,0.0541784444965665,-0.0135207156144719,-0.00397637661679654,0.0618569818433238,-0.0758786177939195,0.0864845708671791,0.0865864008246365,-0.132358032826346,-0.149261014621386,0.17408365445016,0.233037296120275,0.0550681161410335,0.025779165003974,0.0569655858398933,-0.0388816213538161,0.13125516347641,0.0870837864930923,0.112086386255363,-0.102121819595216,0.220643661094207,-0.129412212404003,-0.162236787239972,0.192354298193111,0.119317619945976,0.0190092112048106,0.143371410856636,0.0216129858589619,-0.159339742395037,0.00319910450511135,-0.0974546165595287,-0.205746325851331,-0.121182545013401,0.00575702164202031,-0.166075915027624,-0.0171106352552965,-0.0721509873429246,0.107508942361799,0.161743779319546,0.0331157242649996,-0.0589155631487788,-0.0707456342120122,-0.182723494259714,0.201231391945182,0.251285136615474,0.201128902695421,-0.116615886455413,0.101232564597915,0.135149162407866,0.0536693485436584,-0.101746752243431,0.0635810639384578,0.227559433771828,-0.143321920106203,-0.00764453544060567,-0.205376636151581,0.0171645854133688,-0.116931443544951,-0.0640525480954624,0.26302013432343,0.0145355417673875,0.0050039980557731,0.114223403076138,0.104417457207328,-0.12577360825247,0.107032416375208,0.156434665059606,0.149572609735895,0.167349263706999,-0.0514935786707611,-0.123145981483036,-0.196882010026151,-0.0403058719727299,0.0335966437591491,0.0461078119557601,-0.0655298414872445,-0.0839665102454735,0.153514003005164,0.00164193409586231,0.112884175534588,-0.190279722620433,0.137764098299933,-0.0139384380690609,0.274565517331999,-0.101292220280879,-0.0402640571123006,-0.0364538316848437,-0.0944751725526888,0.0450370102352551,0.0803222672700245,-0.0482403454727229,-0.21171836582471,-0.0895097875733408,-0.0263940595016722,-0.185941558903313,-0.0258938440909923,-0.00412331504266337,-0.114700061360469,0.0756463572538567,0.00057784544332055,0.160986388228252,-0.136934051932706,0.0500123957856084,0.270450339291898,0.130065663798072,0.07954617746676,0.16063606478693,-0.16649498855519,0.0437861629494996,-0.00576355987082084,-0.152598932567112,0.144950051664477,0.0361862433853211,0.128869566198664,0.150294944822149,0.07947606596641,-0.144526353037274,0.238108841837173,0.231447039304323,-0.0436938389382831,0.138039431746507
"18",-0.0640429634883051,-0.260308468537467,-0.0626649344858878,0.0260142658939258,-0.017371230171657,0.0417073584899216,0.207033877741284,-0.0816418464233866,0.0713194222642164,-0.00820106058625976,0.092282717783652,-0.172773605480936,0.0189154700032256,0.159527499259586,-0.0131671192657296,0.00996818194914975,-0.131429039465398,-0.105422112416756,0.129356812924256,-0.141388386250353,-0.0790442218438894,-0.0632184812060229,-0.0393209636423079,0.0681212820794147,-0.0190091769674716,-0.00086500480304123,-0.184650539716018,0.164394656037862,0.0802719128779168,-0.072451817390336,0.206575671279024,0.0148042098052107,0.226179583634759,0.0110395579124256,0.106797915428326,-0.0527022806299723,0.161281664669481,-0.205224006449568,-0.13629340812603,-0.21796201737536,0.275218605397408,0.058342019291109,-0.0017325467061656,0.0227020360819158,0.0858799925679732,-0.236566491953466,0.104686744337673,0.030487268599115,-0.1051591546716,0.237012578213846,-0.262755725645649,-0.0638580555933668,-0.00548216952148713,0.138421064943445,0.13169521798597,-0.170635136449599,-0.0971837368252105,-0.143589123295513,0.136421483086418,0.254016422974781,0.0500189504237079,-0.169257533399207,0.0759641917608715,0.0691504505807791,0.0576204866365256,-0.247562718941599,0.0694596108393094,-0.0218459841607685,0.121687470718531,-0.0615688450353138,-0.112023723899926,0.052546718626543,0.156562610669796,-0.0290495971128805,-0.0409676546837404,0.0547236565979288,0.0595560992290466,0.179943752863906,0.0744641496098557,0.0547002717137831,-0.07346129951402,0.102276477953182,-0.166331790562582,0.0772282316994038,0.0644696225355196,0.0808976843685479,0.103155413666116,-0.138397309359047,-0.0849117124636356,-0.0523297207384416,-0.0147353821865403,0.180281829413019,0.394214205762425,0.0547082207912615,0.175603067720301,0.151596355674551,-0.0557325398980329,0.0219661017144204,-0.122042368043477,-0.0366853480661294,-0.0157061036300216,0.222421284561504,0.253758466927817,0.0877260604058553,-0.00353605014076314,-0.054660819355955,0.202255888213606,-0.0114486829824227,-0.102144032691607,-0.0996796424818901,0.0542034163864174,0.0147164055778433,0.126258934897219,-0.103573575658097,-0.00802069128260907,0.274726072408034,-0.0421539353463023,0.0360498965688743,0.0577811619694642,-0.0138212095576727,0.0165702373783995,0.0359066668107849
"19",-0.178955284833264,-0.253638461229806,-0.02418330812404,-0.138844609983172,0.125136056262337,0.00636734116171181,-0.011373351898751,-0.0614767271035174,0.0623070130462783,-0.0904710881983637,0.000506777103439961,-0.0135763157763325,-0.14366413888679,0.0867981142329228,-0.201822268756834,0.188231145163768,0.194659595095574,0.0296048066204173,0.250317719908472,-0.0193775121242368,-0.0755714804147412,0.057540580772674,-0.120470644577714,-0.266276169188507,-0.227636800661232,0.0659956001096728,-0.0217947523132716,0.0407669754904131,0.0254081113873446,0.0640458209156694,-0.224822354999215,-0.000101220780318744,-0.0104578993358858,0.0105060932665461,0.149426407914629,0.131534842720765,0.097262927176735,0.0688340535097168,0.114076416024397,0.117651308999928,0.174252315264356,0.0232843670382215,0.0215786259535246,-0.100046986781146,-0.0768551782327584,0.156227142965745,0.0877436318722891,-0.173577477767103,0.19201036083321,0.00882171230611482,-0.0814278120663412,0.25884746500443,0.0524660284441178,0.0903697145964164,-0.100922058724331,0.0902404020320319,-0.00858901716689769,-0.017956455105626,0.0561711327371702,-0.0178673117679375,0.00302749183857933,0.184167473920507,0.110313733211865,0.0534481794588783,-0.0195211440191236,0.305062403625662,0.0469227868277108,0.219799532219214,-0.0803807905386671,-0.129778471894257,0.132996446292331,0.077404920421604,0.222359449381527,0.383863029554741,0.18016704377035,0.0556425931423478,-0.00296881438798876,0.161260377735938,0.119444066792761,0.0637822929211108,0.037961697877801,0.00930569350875422,-0.0244089350838256,0.00867228078155505,0.0935314125634365,0.261725641862454,0.180963090097533,0.14977583322134,-0.00714415495453683,-0.052735621847734,0.00237471741313701,-0.0204373461664847,0.0651397767369174,-0.0216172090682414,0.241769559628145,0.0858928425912276,0.272107857319315,0.18251983241702,0.0612220006590111,0.14690042655639,-0.0621869542594648,0.107376296825685,0.135507696922325,0.0888243428313588,0.11032556839607,0.231313933218211,0.259149036696661,0.28048751214515,0.315466197122882,0.0161693875762338,0.0657045819886837,-0.0430213864722006,0.0308382134624057,0.189927287663642,0.115203386489516,-0.0418599285238787,0.369626067427805,0.145478836248236,0.166305147238412,0.0640437244231476,-0.158540943743873,0.199825512934026
"20",0.0181769050423843,0.0522662154624849,0.216632821312307,-0.038415120915765,0.0288122246825478,-0.0796897144907055,0.132291696752129,0.041736326193713,-0.0122590816560629,0.0415026428140689,0.130002148448646,-0.192616705784166,0.015461324352212,0.0901838755035314,0.344617376499871,-0.0808243576644098,-0.0376869049689849,0.0135783440503635,0.00122439203232519,-0.00519286459165932,-0.0254320723021866,-0.120806966944582,-0.043669999082122,0.138891496699678,-0.281547437433572,-0.0110719388253852,0.125292342811487,0.110353292714568,0.00982854506683635,0.12610962245681,0.200087536148732,-0.153521936654811,-0.14127170794233,-0.214290550098023,-0.0930805007135259,0.0878501962486334,-0.120417580294728,-0.0949864556975844,0.130765263633076,0.0275810628517798,-0.195138823202629,-0.141324932514954,0.12346140171403,0.0741402822078578,0.0320383519073397,0.0964366145326078,-0.0937578370350531,0.150124485130852,-0.192766074857974,0.0839751006735117,-0.289934025692842,-0.0676562952410732,-0.0325494014288995,0.0310948669389604,0.192189034222268,-0.0998347123571599,-0.074336098037903,-0.137323843158385,-0.042412780907945,0.0968888023019444,0.108491070721768,-0.118765323905009,0.278084927882132,0.255625567839441,-0.110963939953117,0.0196472210143063,-0.101707839815459,0.0256209207763871,0.144637706974462,0.0307596586182581,-0.0705988705973907,-0.0942225439711475,-0.27631636797578,0.0914620475616475,0.435586302771198,-0.164172131932488,-0.309949012886336,-0.0484767307648368,0.0694430788242271,0.0234797933113733,-0.068363908738851,-0.0252407613043589,-0.0133738568347398,0.00413639932392061,-0.0265551462614395,-0.118843325928669,0.0933943887916857,-0.0822199275790075,0.0485558326649492,-0.124515115551284,-0.201044562071152,-0.173155362695479,0.512065811768989,-0.106881546336151,0.027496322529654,0.0171566815147435,0.0502536947714039,0.0804573544130795,0.17130133434234,0.0493443846702244,-0.0270392277176011,0.0256776265157089,-0.149467639014391,0.047867558002199,-0.0396315823358562,0.163610255099568,0.0907087924818221,0.199840352271043,-0.0774869542733525,-0.0484201933574444,0.263172830840707,0.0222161202931839,-0.0941414794390685,0.262740893023294,-0.0348472459638177,-0.0873035065497372,0.163022230330286,0.247618027894632,0.188681409372801,0.189448105399599,-0.00762303904746306,-0.00846658705662075
"21",-0.226557593000196,-0.060392555895474,0.0221701385342304,0.285397142909707,0.260448875061924,0.0950519438351135,0.10231970269691,-0.0991706736698096,-0.0769938626358431,-0.136865038973465,-0.0345926461431648,-0.0719600566791185,-0.112068731602279,0.0849493790898797,0.0872741809217515,0.0225548030351927,-0.173642476725685,-0.0681165655883448,0.197363290221911,-0.0965856458932532,-0.0361405135732197,0.0360871845522478,0.0157040960867631,-0.0725193789724801,0.114607216854111,0.0348976898710057,-0.19360689003505,0.10232921666879,-0.0703218694262605,0.0979440579010102,0.114232953686453,-0.0822938729015332,0.0143816322556514,0.0794235890900337,-0.243113275791298,-0.00757797559052763,-0.127028235161384,0.208199221163495,-0.165894423411004,-0.0598445329993139,0.183767596915787,0.056182903316735,-0.112011028508578,0.0989861443682235,-0.216495748934074,0.0243430832796217,0.234021585872936,0.240097738624314,0.0135921563949448,0.355616311237802,-0.0453799403039962,0.352116719728382,0.0416721473457787,-0.00652666319573102,0.0529902888819809,0.0660967179492368,0.21810945510144,-0.139908850462811,-0.170800265119876,0.194416389845478,0.199329880962918,0.0168619866309614,0.0481866477206625,0.187440561124373,0.0250002290839623,-0.103032674404936,-0.0162652255032144,0.0093997383225731,0.0739310471509111,-0.100387705239539,0.0111779648612496,0.242283741657223,-0.0875025068157973,0.161292510279256,-0.0980730998298217,0.146059714576522,-0.0385887507665212,-0.00716460054199719,-0.194849665212174,0.381519873584909,-0.109257939668082,0.149666554339591,0.281061659173762,0.138189748541246,0.361750576947772,-0.0409150477231593,0.147223073304643,0.175733089874215,0.114529917225692,-0.213844014976467,-0.0342714494200155,-0.0309496563707983,0.0208644674360687,0.239377694135477,0.0179383973037188,-0.20591309182896,0.272055001878551,0.14638842009855,0.0628057852593109,0.368071599687481,-0.259837565736166,0.298025555221001,0.374246804471549,0.247907731248088,0.204005658308003,-0.0753718259250354,-0.0814886208055573,-0.0618170721910136,0.114763737423883,0.371132141849089,0.152763767776627,0.00673444896519924,0.303428009126126,0.0103265920168851,-0.0441749818353916,0.26727408489133,0.10936314244142,-0.117040380537319,0.203529239058335,0.169670833747741,0.0776560310786421,0.0572477961842366
"22",-0.065693289214831,0.0841377083360262,-0.106218679140101,0.0217450841800466,0.0201364599684948,-0.129442492262139,-0.0167704860414339,-0.0160701325172037,0.109346997224287,-0.16890938462736,-0.275282577204647,0.239321155081405,-0.104400919949074,-0.121310443045192,0.150359130991224,-0.17115844260526,-0.00561203712020943,-0.23330701820935,0.0262178090344376,0.143070223832213,0.122553394714998,0.160100378295897,0.0031789323415537,-0.103156516166535,0.0486537844069187,0.160305884410539,0.140013708436628,0.0573259721144919,0.184083523033563,-0.153151432240367,-0.0656635386139639,-0.0492109645411013,-0.0365828814457552,0.0504289263266168,0.0328566044714699,-0.129809270437089,0.246625568103709,-0.0929951329406531,0.00334151946159322,-0.10979671484712,-0.0375324604989469,0.18827204890222,-0.00208994565312679,-0.0178261043854309,0.171137114242175,0.129916094201972,0.272301475011106,-0.0361003789698982,-0.0123453544091943,-0.0718293622448015,-0.128705571067198,-0.112113734081515,-0.00350042214540926,0.0652110899160886,-0.146826814062368,0.0787653683219112,-0.0434230970740029,-0.157759225916785,0.303224950022266,0.0931239457962826,-0.0216846002761768,-0.274915353952637,0.106576552024577,0.086515323694616,-0.111996486340815,-0.234248006697125,0.103980744965101,-0.080179172922836,-0.0788577296136941,-0.0411587698679042,0.0663472855078226,0.122508113627189,-0.116134709584061,0.183146836960535,0.165208467188524,-0.0582399044354508,-0.0851925366153883,0.0209374552962894,0.00650741164765918,0.0969890047601719,0.0796822684332424,0.108708777461115,0.0566074539351441,-0.172168628687,0.0773786407297901,0.155094248541827,-0.0583022265493252,-0.0607042841711091,0.0962084929915383,-0.0812586083679978,-0.0161848527698716,0.00992297025629828,-0.066817265090087,-0.174344541956601,-0.106433368657323,-0.02411259581422,-0.0451337538959414,0.0186351809124863,-0.00122885775544967,-0.0928841738707915,0.188465532405378,-0.00803360006371935,0.00928986212128139,-0.125863653329201,0.187720026108121,0.0227241832418518,-0.0202018411553056,0.158077663225979,0.167849257723881,0.218852949103651,0.0993429675326168,0.0441032460397241,0.174279108095036,0.0388775151847566,0.143924024609744,-0.0180620285847066,0.153588020455027,0.174369145875567,0.100316855692373,0.151228575522734,0.193503522322192,0.196012683626947
"23",-0.118703075700385,-0.00217440788224309,0.169101947686707,-0.0152844960022715,-0.00956418616920636,-0.125755078726889,0.293735457840101,-0.163986476641236,-0.0483302317967435,0.0643367936631963,-0.0832626847727557,0.00481644585849019,-0.0898972670505625,-0.0926547116014378,0.14933331696921,0.0172002567187608,0.0490275244638151,-0.0979231348578296,-0.145717132636069,-0.0663719166388271,-0.112001731222804,-0.0768774334522693,-0.0407200306984842,0.0483634969253495,0.188678455269371,-0.00722977394858327,0.103830794857571,-0.102391646033217,0.0428773956223894,-0.0684696446919732,0.117964871492698,0.273527635341687,0.28010093105728,0.0830815972455647,0.149036473344212,-0.0873160563239411,-0.087379003033464,-0.142466294474042,-0.122902028608113,-0.00870760730653326,-0.248852055221453,0.129924711134928,0.163772612891291,0.125591755801016,-0.0352189193735532,-0.00200358121718593,-0.0144000844401984,-0.16080216130203,-0.0649633388965922,-0.0528120534662227,0.0373150839394755,-0.104009491861596,0.10463146383077,0.0120872447521551,-0.0608148997002031,0.164620844847248,-0.104188637437898,0.0792830103315289,0.0903879997244613,-0.0781365375294671,-0.00523273401631226,0.00793378583164392,-0.178218201196985,0.0703720650049873,-0.104820681150242,-0.0950175786729925,-0.129294544462067,-0.161601091395766,0.0152172997730516,-0.021207958888732,0.0517542656030045,-0.216414910504037,-0.0940605734703271,-0.0288159770974119,0.0569296304322492,-0.0310651977586811,-0.185231141624953,-0.21751664365725,-0.0831333485265368,-0.212275535110709,0.0794931432100846,-0.136069688348578,0.111517809559872,-0.104520388115758,0.114381625939306,-0.393421374481962,-0.090244151221899,0.23221581412563,-0.135103333596782,-0.0482661478288659,-0.20417124975647,-0.191013360629382,0.030030507900521,0.177216699879272,-0.113170022998838,-0.117053716784019,0.0134959182286581,0.00324141407705146,-0.196202402573666,-0.042768876133725,0.0254664883460395,0.0730404610800227,-0.161717990925768,-0.242497116812156,-0.00999499138088845,0.394204610698544,-0.0401317063645996,0.322976479491977,-0.112623955007125,0.0353512712738556,0.247707262073056,0.134508665822002,-0.107614739378002,-0.0527541191527945,-0.00574061427827033,-0.00485863373806604,0.0345025980288946,0.0901985249103859,-0.122018052121635,0.122989070844404,0.0827867429318263,-0.0195322961815697
"24",0.114747815649475,-0.178595124999573,0.144925057159415,0.0144329572513075,0.085434800151011,0.0327799555748152,0.00166849432112002,-0.0159026069717079,0.0383177518529157,-0.129398998517176,0.0800879904249481,0.180294101625143,0.130604115678419,0.150971101104245,0.384709524538875,-0.0552791549338535,-0.0434092955599001,-0.135352033475505,0.0180232656849962,-0.154952889938791,-0.0745961142858492,-0.0396838285607533,0.0622279954985062,-0.110175336140465,-0.0121356292395672,-0.308773288878323,-0.00534851339010272,0.11007636571935,-0.175646011137896,0.000225590913895317,-0.0819101202852767,-0.083419124933796,-0.134240819889957,0.163478062416323,0.0244700855908588,-0.172469019179754,-0.022877327852419,0.00937436683233734,0.208240552830217,0.0814332652865355,-0.0379830882783057,-0.064374889655737,0.0336414549460504,-0.00011539217044977,0.201597648467194,-0.0771935274451759,0.426326000171203,0.302829400949148,0.0133519481291503,-0.0157589106301231,0.115773065915445,0.159359871759347,-0.1308045734691,-0.108494127308048,0.413479772277168,0.149435929837427,0.10640449170554,-0.0635665383957824,-0.161855051756563,0.0156858288300089,0.370221137120225,0.0360522974942375,0.0294471626605755,0.0370532759505544,0.124072575629312,0.0575502239952069,0.0743050323731856,0.103234205901375,0.0751551042635886,-0.26484994991999,0.011930317769069,-0.163200442489711,0.0231538712597354,-0.0396135015906474,0.129928400974433,0.109733750394942,-0.0257785465682261,0.241362862799384,-0.399123398394983,0.0783987719099384,0.240625698948903,-0.176666366087256,-0.0326544543247741,0.114611239432577,-0.0217761968380861,-0.0874894741195236,0.0567188818493676,4.47687702883976e-05,0.0234466131043477,-0.000509720667386902,0.0739217438117084,-0.118190231595455,-0.10632821765413,0.27739747425605,0.139760286388625,-0.0584345990449604,-0.0672075220221126,0.0706278061907302,0.163442581833377,0.0606682925983036,0.0337990355963623,0.203155200972814,0.0702097082869201,0.0585537330743361,0.072597751137748,0.298748262513667,0.253097455128887,0.157289194912088,-0.145752350020122,0.339961598033901,0.0385324325719268,0.148010407185586,-0.0810006811044991,-0.0968876917963317,-0.0760972649138333,0.0625844610067036,0.0704808394021648,0.471499669302376,0.0126778293672823,-0.0116538157968644,0.254376396158336,0.100827156656514
"25",-0.16102889503022,0.0362469979076979,0.096293643941519,-0.180936625072429,0.20214211975988,0.00257840812258638,-0.000603063456038844,-0.110444346865538,-0.289043692833482,-0.0184752810068912,-0.0758252522394058,0.190876975759675,0.036714186522601,0.0565141775779986,-0.137888758949904,-0.225376302738231,0.142670714507147,-0.0991480375455546,0.137107822142115,-0.0614592355460804,0.0350372700788245,-0.233514517727216,0.0744438584567315,0.0829320331734809,-0.00481133013894605,-0.154138877524406,0.18021629068581,0.0723082834934339,0.0841030506512586,0.00173835124533145,0.0908877138854331,-0.0433568189115111,-0.0325795785064456,-0.0401804440063809,-0.0470478632885449,0.318311263063362,0.188763156377474,0.0296858569567671,-0.0862941138199514,-0.00912187996848541,-0.0126191089707189,-0.035678150162749,0.0443894249691663,-0.00395958653936989,-0.150977461957817,0.10326929172045,0.0855343314100262,0.206131490000956,-0.107432028548067,0.153796366570477,0.0527066800136939,0.0581571052770048,0.0950332216710442,-0.13359650637195,-0.266915641665614,0.14660822003703,0.0096708426124654,-0.0498784903352884,-0.154809075772654,-0.0823947271536155,-0.232323651725057,-0.00889979357720014,-0.133789439921812,0.122532670685428,-0.224813565350276,-0.0408024235875325,0.00756231383671468,-0.0286111162764041,0.125225951436769,0.0665825694129222,0.161274793248859,0.194624394593228,-0.214967741205683,-0.16992894364764,0.120894813835252,0.264356461526762,0.198098660922183,-0.135769008784294,0.263451553481215,-0.258581877772045,-0.00851007195470799,0.0439699079829451,0.0721399285683987,0.124354029908158,0.0743017917679493,-0.229629922319582,-0.0330795919392132,0.105507784459567,0.303450228481489,-0.10609068794488,-0.0597924371621921,-0.174388594463623,-0.00842968372338464,0.173746881729172,0.256532299127327,0.106921698731476,0.124213218340873,-0.0221091862324688,0.234092142130343,-0.00636920679117173,-0.185149533408375,-0.142908959524582,-0.125511098189047,-0.117773084401041,-0.0180116193078534,0.0537673899772511,-0.15796266655656,0.186654958485898,-0.0858790615884525,0.248035284631521,0.179585078426252,0.138283065129763,-0.00286001256277735,0.0194379277936704,0.0545288033176671,-0.114670063895316,0.177196356791832,0.356923306915546,0.00247035754141645,0.233178037285239,0.129413305780383,0.263975866482557
"26",-0.151216027586516,-0.226195974501454,0.0514306647257495,-0.0256961260287891,0.0776320634866932,-0.0457104772824984,-0.127390756322999,-0.0380115116452363,0.0511940543677787,-0.0189374865898671,0.072276435229683,-0.0146023583500797,-0.12813016027501,-0.0500082980447587,-0.0738434638790235,0.152837376427772,-0.251763317086724,-0.128763445873483,-0.055979862734596,0.00417618877023068,0.00937524629458342,-0.109084480407091,0.393336521954102,0.0863087744112631,-0.0679785216379472,0.0494043976716023,0.0311442978004056,-0.149079624281545,-0.108329915240124,-0.00836992485798388,-0.0829273403683161,-0.0905344199393955,0.131729573917279,-0.0959477607580836,0.0140088739283582,0.0109288437115842,0.162660663958116,0.0207834133589701,0.167811420636857,0.227328478388555,0.0930069322660169,0.24112703238592,0.0952599410136697,-0.0506201547289956,0.126497112234307,-0.125660070401247,0.0174867153171006,-0.124681504372868,-0.0962680355747735,-0.0225466252007628,-0.118466925991847,0.0662063568471716,0.186441131067189,-0.14978069724814,-0.0237394654090342,-0.00698609095858472,0.160605251674325,-0.013943500000779,-0.0451548718750602,0.0234133068203996,-0.0587198881207237,-0.0999977569014949,0.0726626022487961,-0.195722840176265,-0.0727711474788636,0.0916426366557186,0.0385206700176477,0.0297911769102602,0.189589368606976,0.149602228888623,-0.0614712498568416,0.188972480219737,-0.012921058505259,0.210611431184799,0.0425559462444441,-0.116572233230223,0.0269119288781043,0.0922884588743661,-0.198352460516925,0.0241076252488604,0.102249330565707,-0.166496275618209,0.106223121628675,0.104466077612454,0.0709418954504772,-0.0383780627144067,0.113336789999747,-0.0587802308170241,-0.0402336624000764,-0.0358956106271744,0.0162541971131245,0.256028872970668,0.113390749048068,-0.0714652173216836,-0.231478575373498,0.162999104350728,0.289284813960421,0.155300037258577,0.097481797199945,0.0564674052846994,-0.0277710738836644,-0.0279794437468418,0.0292227394687211,-0.0625183536043628,0.0518947778952481,0.163340201925223,-0.00353620790530379,0.129165272839557,0.0868018372511614,0.00704386794328841,-0.0418486136959048,-0.0180230417569972,0.0641571261909462,0.103331298519305,0.243885135268005,0.0610839793406038,0.152458465204029,0.0962062915712431,-0.0183842481382167,0.207439460252725,-0.0327530641085175,0.127448491113256
"27",-0.0806261069131141,-0.0548561460308558,-0.111195266020753,-0.130006804394986,-0.0725920048776399,0.145450782458593,0.0836219365077926,0.102123088219259,0.0953093965463156,-0.163775008557998,-0.162391846734365,0.0938689634432541,-0.0197959559374303,-0.161027745579189,0.0261811744971752,0.0135346059566924,-0.0612997221108518,0.0707492840937662,0.0986833526029254,-0.00605591211648928,0.102585037995786,0.0441925640926941,0.0970062184715915,-0.0108826312055017,0.0518427735549229,0.0787835981144282,-0.071777620737903,0.191334303849482,-0.146509365137178,0.108114472580162,-0.304773055602169,0.0665964727996133,-0.052334945166983,-0.107332451186333,0.250807077561769,0.0820834985343884,0.229292525028157,-0.190347489776916,-0.0715857238669726,-0.0990185076977385,-0.180454916093168,0.226478098835768,0.0200332095591231,0.0830340771014665,-0.0954659297856211,-0.244697017649402,-0.0263108284510063,0.107135407883178,-0.0650909669529458,-0.188491831855317,0.0776238622801275,-0.0526252824250309,0.00528058604894308,-0.0954637829568683,0.0768894131797764,0.0951127778775944,-0.0909978353478719,-0.0763839837902897,-0.00958396167675789,0.0979917560245498,-0.015435865296281,0.0940768510371709,-0.106811315135945,-0.0268234489052136,-0.0646758931222282,0.0309266810166983,0.181314785196181,-0.142965601904176,0.292689333098542,-0.0590959622365734,0.0720808674259373,-0.121624584292528,-0.0189206484244445,0.141914504419879,0.254064877282728,-0.248525641589669,-0.0719825485352855,-0.110518609945093,-0.00770088616689545,0.133065586307141,0.189635537601107,-0.118681004749082,0.0644149741478908,-0.0228348840427093,-0.214366050486227,-0.130679092760608,-0.087657284199708,-0.0618291039814444,-0.104204009174575,0.102488759735835,-0.0393372568703138,-0.133062567363144,0.131156798062608,-0.0758816335506993,-0.0724159552884177,-0.103875582781992,0.119271592556192,-0.108754304914458,-0.148735452875683,-0.112708743342063,-0.275366836073229,-0.0310821213289824,0.136484760914244,-0.153816711391219,0.0298770367289023,0.13214864861113,-0.269885858924958,0.0796825738887875,0.090741040336516,0.0958953018732196,-0.031023956834979,-0.0727750609175173,0.235363991985361,0.090588762223432,-0.180134190532576,0.0703828490802782,0.138322717224201,-0.0609684023743572,-0.104361519938294,0.054327655764635,0.1077117938135,0.378649096270801
"28",0.0826587105528378,0.259149730164791,-0.0202496684846724,-0.1260721958686,-0.0368636716905697,0.16425576731537,-0.0343607045851136,-0.0225637628995848,-0.0327785713040832,-0.0343285662505781,-0.0174781281705381,-0.139874807013713,0.0920075727743314,-0.0707904573619108,-0.232852431235615,0.04487465334564,0.00385594455494962,-0.00730345716225149,-0.00939792869646781,-0.00131525059364836,-0.0593005253970897,0.0250167105690713,-0.00321602334876649,0.0777906594762521,0.326985997483692,-0.113013814951885,0.0373202251713361,0.0195251376583821,0.0732642237483284,-0.105930955684248,-0.129824258790061,0.0343016287454698,-0.165356261768665,0.360372514877478,-0.0976499820439666,-0.00308517859090359,0.207296523225382,-0.115817786888789,-0.108800317075356,-0.120568650049687,0.151630636664249,-0.151513280420795,-0.0488515761736397,0.107842395989215,0.0956411930473209,-0.106203950446145,0.0885467315543063,0.102121254139622,-0.106199421835502,-0.127711987499207,-0.0713354227553614,0.000394700857294613,0.354653002669079,0.0157169868789749,0.211117161249442,-0.0297244046699405,-0.0087786617322753,-0.156937074495655,0.0262976105535107,0.00115204700434643,-0.0241927615879737,-0.0679316706163125,0.041814159927047,0.123126499602729,-0.195539311961399,0.0778343908560793,-0.0584896143601395,-0.0591999095031071,0.0088040322679454,0.171977995813355,0.0811738176101786,0.0703117424261798,0.097023095907857,-0.0862184078246217,0.144599032116111,-0.118682018804675,-0.210297820056103,0.0395756029136117,-0.0225138824098093,-0.0802022561062073,-0.0010962959719573,-0.00314414207748595,-0.089205521842042,-0.0222806161425134,-0.0312598473392439,0.0297180134685389,-0.169581273104565,0.100699277350921,-0.0160866112759753,0.142473829772597,-0.0291584489650813,-0.0182719711857205,-0.0677371140687849,-0.0800877398052264,-0.00723248010792843,0.0861966053705482,0.170372136128497,0.0439836832098394,0.115789897477389,-0.0437179937167163,0.0396832716739945,-0.03402098180307,0.0850921135159866,0.0836508349548848,0.151767009810309,-0.0624620452173617,0.0834557606768307,-0.0202410699127512,0.0150941798547386,-0.0718965400259589,-0.150144052919673,-0.181364862508591,0.0311922615883311,0.00212704402630648,-0.0666533750994624,0.265320085157954,0.148301333780372,0.106870099379196,0.0535529558732534,0.0504488282031396,-0.0351656195195429,0.17168420110937
"29",-0.0663507031623206,-0.146167358090346,-0.0473379362918036,0.0383325727931575,0.161332074469085,-0.23605313894747,-0.1071862576349,-0.0128638080811961,-0.205593587403745,0.111313487742713,-0.0238448815114528,0.314897602822115,0.174140771314405,0.117325850995827,-0.00508273352062565,-0.0617206079524407,-0.075571571400214,-0.215623806969931,0.107826214192021,0.0457013315583863,0.127333902003504,0.15794140212659,-0.122153675991994,-0.0911998669084214,0.0539216888775839,-0.0561680407516181,0.122365187530787,-0.0129255602583571,-0.144928653362889,-0.0894782277356629,0.063259491605845,-0.307617989769166,-0.0233971627783118,0.000747592526930041,0.000958784840458023,0.0879463512746459,0.0865581049832203,0.225042580034083,0.0416857355891048,-0.0270299100155539,0.0242034762593625,0.0154612749985981,0.0541372997946678,-0.190809853654388,-0.0457008000109191,0.102071475433151,0.0535705266554303,-0.135679691377925,0.288934946663812,-0.14329669900897,0.0124495217547379,-0.0646288107738726,-0.11114710220394,0.0476619432962334,-0.0689482239742936,0.101535372785375,0.0296570012979281,-0.0648147695312064,0.136968447231457,-0.00129018016575209,0.182500582056231,0.0820144218189081,0.163154956002424,-0.029669182853539,0.109634841280323,-0.0231279722636837,-0.00673757476451519,0.0375378129069404,-0.027297828424914,-0.0398234047072574,0.0435805775589405,0.305076739923997,0.0917563589895106,0.0938125518116958,-0.249427332425191,-0.0957278966300716,0.0978827180976913,-0.0506308554992657,0.0795696292988188,-0.0589869229425999,-0.0417555636071504,0.0160822938877107,0.256227579073792,-0.0793384487994528,0.0758669572211188,0.116247748584496,-0.0533488760532262,-0.0925824064504963,-0.0666467402144822,0.160567643206185,0.307006185036757,0.185214059382937,0.238711248238781,-0.143527641874793,0.232133080208162,0.302582295106025,-0.168241395164146,-0.0650876171734491,-0.0258705502412719,-0.221587465272058,0.00933385017164978,0.0910858550937185,0.299334845659756,-0.211857775129231,-0.0835199306941879,0.13960137106305,0.393713804874684,0.0420992219821514,0.177581386660973,-0.119067137790757,0.181087873541128,0.133556374662575,0.0403874383017279,0.110752432401376,0.0324291475116613,0.159540077900915,0.173558482465141,0.220169968247804,-0.0259835925682811,-0.0078706782195705,0.159115415783106,0.0119288412181149
"30",-0.235257672768878,-0.0438708971335591,-0.00505230635570687,0.0343887187752729,0.158424704367877,0.116835158148585,0.0280130907372966,0.335202116477392,-0.0248212611039082,0.0140306306057539,-0.322332665867339,-0.0217455942592645,0.0953900305389777,-0.157072174899062,0.00288768654661241,0.136091821581389,0.0608203965257494,-0.150909589014274,-0.0131544457111322,0.0884520776100866,-0.172857172819464,-0.104997007208129,0.0777125281027678,0.251170457037232,-0.163434479012372,-0.00958845436146757,0.0969152752054887,0.0464161478926868,0.0914185727473401,-0.173850835991927,0.0843989335312632,-0.163499928067751,0.0356318365096872,-0.0304739753039167,-0.0125995823079542,-0.0362075624772312,-0.0595771427464406,-0.0527060629891668,0.169318662052145,0.0935152745407779,-0.00384045553683775,-0.0591848535985999,0.122550205366454,-0.0476469166557063,-0.0449339088201076,0.259030743642028,-0.00199575319012554,-0.0479197838597368,-0.0560145816258726,0.149549478521691,0.142672607026848,-0.198996877739772,-0.0317063913312009,3.17704558941148e-05,-0.0442599909405785,0.00624009505117172,0.0387543752320622,0.00591570068929286,0.137635002157064,-0.00157819483476852,0.0172673063150801,-0.0390478521437997,0.142452078182584,-0.14014354958768,-0.188813805888322,-0.23408400979709,0.0908110933645587,-0.00153365224607255,0.191509618832311,0.127117901732521,0.0290195756326214,0.0523581532272407,-0.0346817145184192,0.00299177671629585,-0.0573974314957997,-0.135633940181053,0.12917822750961,-0.0782082973174567,0.0664814941307808,0.041811027661876,-0.0116587231461073,-0.254800227981221,-0.0489784807345904,-0.0180118455740779,0.0340072795256333,0.120616897617503,-0.0391595254749866,0.0494865880114345,0.21488036459335,-0.0705795267358887,-0.0510685253919876,0.211395358260588,0.397760821574858,0.0278994819913893,0.292168230862176,0.224025200322257,0.080747141262197,0.0937330846424651,0.0604268331477721,0.011427413182031,0.163889365854959,0.178619769671584,0.135175722432387,0.14129404957253,0.11040152405291,0.0405877747577367,-0.0884985426451872,-0.0425766608369859,0.146738291416784,0.23865205673273,0.176431179184643,0.126786120159396,0.272839097048068,0.232354312828338,0.261823502808594,-0.0787572092503818,0.148783182065678,0.0669264626423405,0.0235125478065075,0.574409949296843,0.0684157909477783,0.318024866959536
"31",-0.259022959769519,-0.0570703777072309,-0.190044338367639,-0.0726516524704309,-0.148984438339717,0.231937467251877,-0.0502800262159069,-0.0428652707514273,0.0660559399739002,-0.0184188431623633,-0.17067644405826,0.176147179685986,-0.0543502041576339,0.126668113123323,0.10887841228037,0.100162955052465,0.0655718422112049,-0.0531403194728244,0.0816466708423089,0.00029709908885875,0.102615455714984,0.0279554277298229,0.0618212909971551,0.13847731434467,-0.0326836346864592,-0.213485223972683,-0.120838782087891,-0.0553222447134078,0.362227570049079,0.0532462345832882,0.0518157627424472,-0.10617461302659,-0.0789213318089367,0.0183473151671555,-0.00542154789762431,0.157528139833357,-0.0612295020730588,-0.0150424553099026,0.130458109240881,-0.235199074918846,0.0527930441903685,-0.0728280591351516,-0.092023280153159,0.0102233728212671,-0.0703770008274755,-0.0963988553909729,0.0360635980412918,-0.116558347197234,-0.10054277199222,0.083579887541354,-0.103638195321772,-0.155678866461445,0.0392536765636524,-0.0902321419816808,-0.0390480400229111,-0.137875856582492,-0.0908151802843261,0.032824331604873,0.109881023350695,-0.0448348330995667,-0.108391695054999,-0.0953132200986516,-0.0818557002285097,-0.15849193323221,0.0298970360919738,-0.0542569990660773,-0.158460174721022,0.00421211297724261,0.00559157580364248,-0.0672115422096886,0.0430366946861136,-0.0563869825270236,-0.0129764232260043,0.157151083220297,-0.143294717213287,0.289825099029051,-0.221039207202794,0.059958370219797,-0.121994888350824,-0.141202405977404,0.183901766242737,0.0999582416502187,0.226961498500588,0.111863290584625,0.101928511518906,0.0971435422282765,0.0498462882606438,0.0151727986830508,0.0115297741711015,-0.0943077085333102,0.224757476948164,-0.204137281565384,0.138787223835556,0.0955364853032332,0.228285421803264,0.0254520927935743,-0.00173515991681959,-0.245997722158623,-0.125063258648031,0.118203857743071,0.134391211589448,0.0680819296552896,0.241533896127243,0.156375963495995,-0.145382019264897,0.219965973699691,0.147620784352171,0.0539183043940642,0.0829519750213772,-0.0860006966457373,0.0192686430671321,0.0587731484147521,-0.110662959388799,0.177615534874227,0.0020125894699895,0.0244971116765167,-0.0178899593902234,0.0409010510384188,0.0533507410230099,0.153900015496384,0.0832081304205113,0.0364892939589369
"32",-0.0700390439838686,-0.152297189360621,0.0842410924791558,-0.224807775015919,0.170121993521589,0.0640172342935509,-0.0400667787216138,-0.220565776604347,0.161925070136627,0.0568416158686208,-0.0925222149417601,0.018536642541048,-0.0896729515365055,-0.166650846766724,0.342290079034861,0.118328812049548,-0.117245659847514,0.0420404120273246,0.020396972770647,0.152980261929613,0.113900784896163,-0.246052395319439,0.0133683922844992,0.04508569655335,-0.0922135166034101,-0.0701020104447906,-0.0720365276214858,-0.108971952773506,0.0106844923963059,-0.0525699658784145,-0.0928414553748931,0.0650506347485874,-0.150145515584283,0.217757372143079,0.0262836913226126,-0.0229049168812556,0.123651042505797,0.0385243991453554,0.0621554038547761,0.171086700752102,0.0724541308105827,-0.110016434805444,0.0253958452760198,0.210409298705827,0.0440847137687056,-0.039034652897382,-0.0221839097465423,0.0997170407908721,-0.00480156869952786,-0.153414204214721,0.0708795784892326,-0.0812126326730654,0.11469920354898,0.100760621433137,0.0689559373965649,-0.0657826179440599,-0.109291998242069,-0.0416266344747518,0.0961706915092642,0.0562335812534832,0.0399251455940467,0.0214724440271871,-0.108559958092629,0.0236836616855751,0.0208204916983151,-0.0138071553080003,0.127224802316852,0.0450819405933975,-0.15196660301478,0.1647285452477,0.0782956122702923,-0.0561148631546306,-0.00776262830521367,-0.0417031116752633,0.0579994931754861,0.144915539315557,0.120067241308565,-0.171526284529982,0.0287941248938009,0.262671722863527,-0.0474521601030626,0.104220207310362,0.0117976146518955,0.131603994454481,0.0486975002634682,-0.0647201625844863,-0.067982123062345,0.0430074802857349,-0.138984164760136,0.235192184711512,-0.0150811404515549,-0.0597797628160152,-0.0447596863067862,0.053676333210264,-0.0522084776197383,-0.0741490931716393,0.165968448009322,0.162072495930915,0.124597217102203,0.00817937501233722,0.0586891457117805,0.236348329851183,-0.0119805958339686,0.383381962813968,0.246115333550547,0.0205238387192536,0.107356394342661,0.0403416384023517,0.0388333862343098,0.195807878293533,0.059471719905295,-0.129274082173715,-0.0612874078635612,0.0843001633830891,0.455180321132717,0.114867597378943,0.135193902595246,0.0693690801410617,0.264182719839565,0.272772848988668,0.179278467743346,0.2857889104314
"33",-0.113685648258212,0.155218899975927,0.143210991907443,0.0602555994759606,-0.0536721253254839,-0.0110858320110695,-0.111795492999925,-0.0206024838807197,0.101941146450644,0.044178940929694,-0.0450224434629019,-0.0298206958027853,-0.0649084540500376,0.0713944090569327,0.121093422311404,-0.0717963479986905,-0.00010229896887195,0.113901646914605,0.0669086447684138,-0.248442692224978,-0.0226169787773683,-0.0129739623022663,-0.0867539698027478,-0.166675514891175,0.0676593423137246,0.0600853281273214,0.0442932831861568,-0.00842595015357905,-0.0845708369296501,0.104567863650307,0.262895964008277,0.116226861876577,0.0670483464847928,-0.200364004095965,0.19328537736365,0.0121757981015346,-0.218827116364403,-0.333069484037858,0.0123929445476387,-0.135636483401024,-0.0344060911527437,0.256520095441451,0.104258368517691,0.000848087538780701,0.028056812961063,-0.04264778581664,-0.0116168869731316,-0.0326239344493232,0.089235198071026,0.120633624010812,-0.143688081043226,0.0604167654020762,0.0687442242749323,-0.106964730677951,0.309144271513576,0.262276302170839,0.00107710604487784,-0.0367693834576582,-0.23508840503194,-0.0813179947703404,-0.0936689766169848,-0.128795767141871,0.141059493037812,-0.0837263798273915,-0.0546381945498705,-0.190637651021893,-0.0319908095286952,0.0480890023673253,-0.0316954251104718,-0.0648456339114583,0.147130143267313,-0.107384913667312,-0.078514458719892,0.0183580780552213,-0.132916210861551,-0.0479608426604587,0.115918883201877,0.00352083281277998,0.377313460789135,0.156914224389543,0.0844615178828311,0.145429629744693,-0.194502675510978,-0.102105618421753,0.054308684691749,0.0705115764611662,-0.0268032140414135,-0.0755488456986065,-0.020250615448415,0.0763936552125181,0.0462154628947903,0.0412747126459171,-0.19401683244207,-0.180816950738555,0.221824066215246,0.385682123971961,-0.0721664281236394,0.294443904804607,-0.0604196351166058,0.0374023151739735,0.0513917683718862,0.0311326276221938,0.111954626480066,0.0396843907890591,-0.00837628334804733,0.0859351674630252,0.253203466508351,0.0847580837171185,-0.0481009458669094,0.208612942575222,0.0611265333837374,0.226958969003077,0.385008954836124,-0.00314652371959214,0.32013250488506,0.0802546745650727,-0.0825649369795743,-0.0741527114181765,0.394554114752041,-0.0333265463848233,0.188369396772339,0.175055520692541
"34",-0.0440370941071052,-0.0444192316048041,-0.000995081431009847,0.284181168570132,0.0280350329225552,0.130730137166939,-0.168368840159112,0.0323598065399354,-0.0832158404304432,0.107785014971063,0.12949128831102,0.145978526560599,-0.0715529883051574,-0.0307902836361449,-0.0664924865130301,0.0340498763966586,-0.0843402594001776,-0.10345356634441,-0.263038850189545,0.0273404285146181,-0.128991504236949,0.344897510174091,-0.0453167210890965,0.0278084572786895,-0.190306150724347,0.206644727381794,-0.122368243104779,-0.104058967305832,0.0743415593135789,-0.0557006098765854,-0.00629797434977671,0.045459085480026,0.260731139589653,-0.116341376645686,-0.0574079378674877,-0.0528709435005534,0.078323465126268,0.0527451930737143,0.0181325542391147,-0.0892336097691603,0.0562769641923506,-0.155713375211611,-0.157894228515677,0.0717996762990648,-0.0181176419332068,0.0918808766472368,-0.0772002282102,0.0195952801473105,-0.0901449237148005,-0.0555343803083233,0.241058457788561,0.334257899725091,-0.00859100972027999,-0.112136510852236,-0.228902878233453,0.0475325434039934,-0.101664655588053,0.0576164075924165,0.105521452564676,0.00259601480075943,0.154277455154101,0.211570423680455,0.00776762886723919,-0.0161499302025496,-0.0122704154215218,0.124596452745138,-0.0227422174376608,0.0157239583957038,0.13556817677011,-0.0944012542134142,0.192596263066057,0.104698346292412,-0.258892828391549,-0.00239853435971409,0.212858796852999,-0.28103263427827,-0.0612820004067309,0.262482891883229,0.020468609334646,0.058068494156181,-0.206787603182173,0.148501129479567,-0.0231586264132466,0.0848809532433694,0.129047678135691,-0.161469720017108,0.304981442293645,-0.0244714174328129,-0.095150407271857,0.0854929612125591,0.236034935958854,-0.190383239519179,0.159876733313873,0.2080084035068,0.0311901063090681,0.570039041995966,0.271181177858988,0.131682647126043,0.0935016105444218,0.127136406530632,0.151881643360823,0.158458059064075,0.269117673767374,-0.0430659720645082,0.263034916664372,0.168923397898295,0.283536951079456,0.224855883802719,0.103948705321441,0.0869847468332322,0.0833454358894851,0.122813283526075,0.372300999685745,0.0392402257141138,-0.0319167122040265,0.162710147503143,0.0697701031108958,-0.0374358853429592,-0.0755828577575106,0.0925871245709673,-0.137921944585356,0.158225340773528
"35",-0.1421843174056,-0.177410981170706,0.17821144217153,0.0201834578068516,-0.00779042700718213,-0.0997433334708007,-0.231569255272566,-0.0772996741829539,0.0539625553013636,0.00771964027509545,-0.279414307423639,0.0536865183775121,-0.05349014712911,-0.000662018939816529,0.20720626524315,0.0237672440972318,-0.260081849772866,0.0806747938677381,0.0650068054174252,-0.0584964495634591,-0.0337666663776281,0.0348898194610132,0.0157067004317861,0.0653960429120757,0.174728159879115,-0.13182103914253,-0.200774576858219,0.214610123085939,-0.0556758289353093,-0.0701145659474725,0.186234137370872,-0.0401664168673858,0.051848909743949,0.0576180498437589,-0.0107758185705556,0.145104556295282,0.113235630855002,-0.157985746306898,0.0661501408077343,0.11083457663828,-0.0375907723643821,0.200038622826374,-0.00027886853299921,0.0291106273456003,-0.0273923300749804,0.0345898395629521,0.195765042815478,-0.117110589436438,0.0360538979659849,0.257108985645965,0.144468784616448,0.0564505662426966,0.0598511831986609,0.221229250323414,0.0866604146874058,-0.0870707468917237,-0.0683946332592667,-0.134214547381456,0.275098625028165,0.327411631537708,-0.116439228377692,-0.0415108255645908,-0.115862252140628,-0.11747528660876,0.0619490306734836,-0.103053970979768,-0.0152152511297627,-0.0484796413708874,-0.0855104528858143,-0.0555430562273003,-0.0561754738576552,-0.063421318137543,-0.0986204626721031,0.0926782377970962,-0.047572193986772,0.0717284129298408,0.0278700496566477,-0.17290650579833,0.222738082131467,0.339878488184057,-0.07858376008493,0.036676647210537,0.144546678406986,-0.106195281168726,0.103829481277451,-0.0673355670509413,-0.113317432351909,0.207553846800523,-0.102201707623329,0.0909452574880038,0.00327357969689377,-0.22325865689622,0.0812428785357966,0.0486430939861917,-0.0834054685639466,-0.0673835008025945,0.00721438389114946,0.129376616256564,0.0871365054975673,0.257871515652807,0.205291142378288,0.228121445738269,-0.132401817421053,0.183038076887313,-0.0255370367851424,0.10174125846352,0.052519759841049,0.469947378604082,0.131102801167209,0.0698653318884842,-0.21754519972583,-0.212174888161477,0.000593432384604666,0.0280236348254883,-0.11296648482457,0.0132619029404341,0.242009613834029,-0.0804989482271242,0.0646461010950334,0.0952368715292963,-0.00743869662748842,-0.0617992343600797
"36",0.334268675288444,-0.0968436677611275,-0.116167009785432,0.14555774005346,0.151133811752938,-0.013401139139071,-0.106345419536013,0.00421423579509286,-0.0513476847850829,-0.184075283808867,0.0461395616467039,-0.0442999850028068,0.124002478350802,-0.0108504490587201,0.0281909911112893,-0.121179460878224,0.227511245491784,-0.0546594179943381,-0.0808322846493159,-0.0733311295567246,-0.231786735399033,-0.0810722433335204,-0.111206378698307,-0.0464042264913049,-0.0351536373895184,0.0871020612480092,0.0542962757099273,0.141566227270727,0.160302393242171,0.135584670290703,0.297380791827373,0.0420296696739023,-0.0148250665685792,-0.175600147559556,-0.0728313068475291,-0.00324722986209351,0.155234278675763,-0.100670843824155,-0.0408918303097405,-0.152768170527448,-0.0214760062706949,-0.0932483523918869,-0.118158916375182,-0.177995522241631,-0.172428326885612,-0.119650823302437,-0.0909131483226421,0.170164607555868,-0.226229331020896,-0.1883689011125,-0.0415852279144478,0.173975989793871,0.0319776339383612,-0.177740673130362,-0.120330957060146,-0.00199259452504388,0.0853935796252371,0.000489328104863958,0.0835250883456973,0.0915014623162275,0.0224583426468922,0.107158196851385,0.107239939343077,0.171933500788103,0.115616890556864,0.0424572383516533,0.170069613593151,0.0293442253653457,0.14371658436129,-0.0927462669836498,-0.0653582313616735,-0.0831416493127727,-0.152896610597014,-0.0130395120720193,0.227634082014374,-0.0913031080017833,-0.112423454092919,0.0432560304483226,0.149944060836609,-0.0359572478339038,0.22432575451174,-0.126546524320529,0.0256683962845922,0.126481680171986,0.14598517923808,0.0519344826083575,-0.0508967061249832,0.00193495564100346,-0.185994197478657,0.350626782729865,0.114584382413136,0.102032301606272,0.133980484161154,0.0813132803987953,0.220919691146798,0.206859084687042,-0.0590837182750131,0.117256827002457,0.0175926529087737,0.125738835766893,-0.00762091183749808,0.169790753489925,0.184223814279831,-0.0846523814065053,-0.160340837717026,-0.0667710090915088,0.0696964199430973,0.21721848044845,0.141416846078938,0.001334043882967,0.027554943745354,0.227178424124513,0.0451843869586446,0.010245523154299,0.265795658657329,0.198215803707629,0.320801054199475,0.0675294083579648,0.256289353364985,0.0535425934749463,0.14893138308337,0.086683786383515
"37",9.35264723201633e-05,0.10128633716697,-0.042434737772694,-0.0895923151808835,0.297278057176268,-0.13517314196117,0.0824447269660185,0.11961552057099,-0.140328712479655,-0.0100676919033022,0.12983245368462,-0.012671451393942,-0.135964642887197,0.239941896875019,0.0699576455585432,0.0888230029495924,0.173107032383478,0.0552814255233185,-0.0873471096754809,-0.0546038776349755,0.0400536233131148,-0.191485453723665,-0.0497601289298844,-0.163927467940351,0.0943583379073845,0.0185265203531007,-0.175625118471587,0.0103579601726203,0.236146582467171,-0.141719418149301,0.0992129789557744,0.0237057440214961,0.0345241621995209,-0.304461989753944,-0.0798241760344629,-0.143279549185943,-0.0279019841223945,-0.107120417351295,-0.0559563944447984,0.0703787102313673,0.146373960949521,0.017945573098715,-0.11748132335078,0.102290171836492,0.270308183136377,-0.131443281173026,0.0262919037127415,0.0566842722037174,-0.00993572602028963,0.022565862826247,0.147379216625984,-0.0538564360074607,0.0706228874308022,0.00894791863943426,-0.0961127389054264,-0.0482436079251277,-0.142804954186,-0.134788349781768,0.0609996318720317,-0.147417014492631,0.0270432720318824,-0.0342302953436263,-0.0243013074730465,0.0607222364179536,0.172165838253535,0.0830805899534488,0.145485583910557,-0.0776675527735909,-0.0275254028768458,0.110228718456852,0.178473711246592,0.0796232939914498,0.256106212664965,0.155308753334931,0.0173621521144298,-0.275368984696459,0.0753814236035486,-0.0176134704385761,0.00658514280978504,-0.0675406202276652,0.00567682896187084,-0.0206268100703532,-0.0219869210417295,0.319430144860704,0.0431589293452993,0.066599903403136,0.0981861869326358,0.136434048146804,-0.0175558865854959,-0.0448432481751089,-0.00194220843212796,-0.0188506679300654,0.31028972381947,0.0173374298303645,-0.106270545736921,0.043443206038339,0.103758358979944,0.180498031564237,-0.0917894970627028,-0.189583805985996,0.185657485833235,0.108853023711887,-0.0409810460649454,0.180868623404254,0.171443677543378,0.00753299108077659,-0.0303518419093205,0.331469219812024,-0.108857051216736,-0.100264997514748,0.0513704261008017,0.0330322979132992,-0.0629515292407275,0.226739023331629,0.0168376566845585,-0.0111138232039205,-0.0829594314374392,0.169209978171329,0.0919005207844834,0.157052350100825,0.164641144663438,-0.0450931321354918
"38",-0.249381053527761,-0.0230335721578279,0.0840265807935405,-0.0114073162770077,-0.124139734974166,-0.0724791677191166,0.266455746748381,0.02047806313571,-0.0627920667747865,0.0366270379853765,0.142963766944418,-0.012579930026418,-0.217468257275536,0.303774062412808,0.127791332078563,-0.164937001936719,0.00430777410184465,0.0919435570626794,-0.0158782627381859,0.132375795269499,0.10396466853294,-0.0526506376492159,0.0208802724664129,0.0873779201768399,0.0126365335157733,-0.035112390550998,-0.114044463860467,-0.124016126360064,-0.158350260268989,0.0642849012729231,-0.101652989815085,-0.0828268084888595,-0.137850895942647,-0.0373652184189969,0.22922334660324,-0.139570333671612,0.00344148531420665,0.248823921689125,0.0410075539919337,-0.14497855115497,0.0212739993113332,0.0388567201818814,0.0350978956179003,-0.122013600132385,0.0183541844795955,0.00683951494031473,-0.0898128566493655,0.0160794016092288,0.0323043922694963,0.232888645050827,0.122201648126488,-0.0709856141472907,-0.0594191242159489,0.146893807334998,0.0561668081522428,-0.0634007124964371,0.123869460430771,0.00245239753184596,-0.115564502431455,0.240608545774875,0.0264857280628851,-0.0236950485948493,0.19990318513892,0.0425096379298548,-0.214050084686348,0.0764597846116695,0.112006131760711,-0.00574851621150619,0.0179488997082509,-0.249107550358206,-0.0662578957545229,-0.0281464532169121,-0.0278665834243868,0.144625318903886,0.242484175842862,0.114581825068858,-0.0488194868082702,-0.0659635152709523,0.136997628805222,-0.0248633252000686,-0.192353609020869,-0.0574373262972702,0.251748355855847,0.19949273044465,0.103305720307311,-0.0843888233079578,0.0873461209341479,-0.0918122424020051,-0.00386712904454775,-0.131161727088642,0.211651100051763,0.155151347874814,0.0151267579722657,0.0337294140362477,0.0638919563621642,0.148026862092313,0.0674513715347072,0.0408296581743713,0.102367177754016,-0.0554743852076471,-0.184767277742528,-0.0188926647055606,0.0487539479745045,-0.0850246143610094,-0.0439539112927765,0.0178544231951523,0.433028633367787,0.0186965785681312,0.281117407751003,0.0486611096237509,-0.0420044135496713,0.202841608619422,0.0598664661929058,0.113472302841615,0.215611605968173,0.0944134410736766,0.0164260462131029,0.0417465679312814,0.147282321395871,0.0552985959284878,0.0700284938341996,-0.0357791345114096
"39",-0.132004817170841,0.19365172548243,-0.0311369152138935,-0.0165988403315287,-0.00261687534047418,0.00945571915045242,0.0845562320113267,0.186254065836493,-0.161182781303603,-0.120898185143298,0.18090305738747,-0.165085921293625,-0.010349369552851,-0.155063273743779,-0.134533522366836,-0.154201201274838,-0.0409948773776741,0.0103558700413519,-0.339280513656746,-0.123317149261704,-0.0203514408557349,0.0756721161524011,0.130378572926034,0.0368059077869136,-0.0343309843897335,0.0484906896961152,-0.094190275616495,0.116571967692073,0.0826184344333351,0.267392777324866,-0.137119975022035,-0.0148892506148093,0.028035129669928,-0.0558116736208732,0.116461164722955,0.167807966512216,0.0222931349218704,0.130344707812244,-0.0277926782550891,0.145301747729659,0.115018671519063,-0.176619137402738,-0.0685071075354231,0.115332533343098,0.0604526947675379,0.0268778704278538,0.0326773195774007,0.0611760393522724,0.0694376242384938,-0.0177211041303066,0.101563436574553,-0.144887266592506,-0.0949331686914615,0.0722393248000802,-0.027752635620536,0.129647523417035,-0.0413680605794326,-0.116156522047506,-0.131132897442312,-0.0970729244335901,0.207493045236846,0.122992412917892,-0.015965905672797,0.118683691998974,0.0465280177742894,-0.230352880958814,0.0892189454946137,0.0999008802679827,0.248360606248077,0.126614628221576,0.194879985302279,0.0991876725244088,-0.13523269286828,-0.243891465136016,-0.125696934377112,0.0962897043012957,-0.0576345320840485,0.10105661216907,-0.06606190000366,-0.0767235351729698,0.0166222989191729,0.0915225419928548,-0.036160232257154,0.053997859686778,-0.145353983204629,-0.0363403387432399,0.0400680761924647,0.057798642831295,-0.00685497302749347,0.0106756128938665,-0.154828523486562,0.0438373998103772,-0.0221266663248026,-0.035638313720071,0.122234983287962,0.0984614243314282,0.125318708139299,-0.103162212772909,0.318833247053142,-0.129674970087476,0.0748973397455398,0.146168700185412,-0.19499739757293,-0.0571043623570328,-0.0874077190690343,0.14782830491893,0.0505041232471655,0.302249798870376,0.20041653484953,0.346494034062112,-0.0274434329424528,-0.0876436492005141,0.203282492512875,0.0935576965409789,0.095220161009387,0.144908159803542,0.188354649918287,0.093748906569014,-0.123630816148709,-0.0282985031494301,-0.126663945053642,0.0394265714962902
"40",-0.00773974302300163,0.21637151610438,0.121098778034688,-0.0856191838873228,-0.107771530541016,0.130593049066656,-0.0582415062989645,0.088165521872561,-0.0236147085126444,-0.2570584215321,0.0838224156845882,-0.112571436735666,0.0250284578830733,-0.215678682892075,-0.28773983404951,0.0555194253559926,0.193989368956528,0.0517435227949503,-0.074470326488097,-0.0914374072136741,0.0460539070085474,0.0399845420686429,0.170581903131029,0.236487747513376,-0.0256252940022678,0.0939117764318751,0.0542031347214004,0.0254492624414294,0.0228966979097957,-0.193673404641597,-0.140512944147503,0.0503990578634008,-0.125667352901047,-0.126809215263749,0.221650973326412,-0.144780621167269,0.0992424423912036,-0.080083395885545,0.088543046809576,-0.0154696451365717,0.000837011831181306,0.0579910951183353,0.268073490169987,-0.161385635989752,0.0741264668174595,-0.144073402553039,-0.142194219275576,0.0459992756007014,0.15967899066867,0.156377335876264,0.0210995436349163,0.0547754133755671,0.0493571132316516,-0.0989835008356062,0.0310450517737167,0.155766054783037,-0.121434139671125,0.00670559601609707,-0.0176293821747278,0.0505720113287819,-0.0900257794865909,-0.0924176014759488,0.199233559665751,0.0366060158786193,-0.0490862404894255,-0.0377720776172089,-0.0363069101007293,-0.0724190840036039,-0.219306855306959,-0.00129995308496532,0.03104759183613,-0.0393146578171651,0.173412474858449,0.152891124515057,-0.0263631848055727,0.183918352318468,-0.135475150371715,-0.0696063584348684,-0.11479443984819,0.00271598037224263,0.248910500512702,0.0765788513089258,0.331932206881267,0.0859443762400416,0.0674763237076385,0.0203133602403119,0.317165241765995,-0.0273167397769406,-0.230442373077423,0.104643026370785,-0.0088701667586997,0.0717273955261788,0.0110261666899579,0.271971408358498,-0.0278730077446249,0.312591100684,0.099652037575738,0.0900354273357426,0.0293028294490677,-0.0956874702798499,-0.0922661387187962,0.0512565113001264,0.0892059051539438,-0.00499938549552495,-0.047490826440913,0.179820007131322,0.204614622531362,0.119255863811161,-0.0463828169112633,-0.0296770795273011,0.176844974292957,-0.117523326021173,0.374458775957125,0.223443758910141,0.231744624554293,0.0237101674693128,-0.0926548828751415,0.0727959930678201,0.147886427009809,0.0216824926225705,0.00223079991325932,-0.0189603299339676
"41",-0.136672352571322,-0.0592606736510156,-0.0483592976799478,-0.0287349017789288,-0.0868442237793228,0.0926489841694242,0.0529778188021554,0.03406615465853,0.152058942412347,-0.0476353036291761,0.0163433880073896,0.00269614909382571,0.250175837556749,0.0606950263667855,0.0528953722573497,0.13942035174307,0.13731121411823,-0.00713542055608395,0.0053345560298285,0.0397552668478953,-0.0370099759318979,-0.0355711507329847,-0.0720448181320701,0.198017372977967,-0.183136224144198,-0.158481705746186,-0.106020857851819,-0.000683808261498202,0.0904186280844676,-0.0926024903165926,0.368273485640348,0.150817400358685,-0.0854567641229672,-0.0172011352096276,-0.0245594085665222,0.177845022197465,-0.114515863930528,-0.301732526920751,-0.125991318851604,-0.0815794946648973,-0.187302459035749,0.0167812047431807,-0.0251305272964699,0.0177408679650885,-0.078074429598916,-0.0941427171578797,0.529324303486681,0.0140329179174153,0.126272736781271,0.158832527652625,0.200426095953522,-0.0831640430532086,0.080537926685669,0.178651812187273,0.106958562086591,-0.362369681279342,-0.0183755110176169,-0.0999842133767365,-0.1774576926574,0.0880852300058433,0.0734754618282521,-0.0977803961399915,-0.263984311481867,0.531307801690303,0.014776708974859,0.0300827503074842,-0.247280190163712,-0.0642851216750683,-0.0391295167673614,0.201628400865506,0.160879970953113,-0.112897791705232,0.0457813080396306,0.128298046025171,0.307379670875729,-0.000730822482004463,-0.010992572013658,-0.129253528399454,-0.112455975108019,-0.0362618559266554,-0.0238309408821631,-0.0849514094422341,0.0656633165518464,-0.160331004196878,0.00993025865619751,0.188421670791868,-0.0375060010317578,0.22885808796246,0.147610613911515,0.137102636255802,0.107884614988699,-0.03319852898948,-0.183270004824773,-0.191229342921817,-0.174333111556422,0.417607444013085,-0.0744616779361172,0.141094414731688,0.342777584615759,-0.126103438470765,0.339466639550482,0.112121287223278,-0.210334326860094,0.102451388585354,0.458016312625054,0.147588032013205,-0.0839023154827176,0.117880400447708,-0.116107088140594,0.336936692078607,0.239158153908858,0.204080924633563,0.0542840720224272,0.159942926274861,0.19025146385583,0.401772825174878,-0.0511585678863984,0.171490307099902,0.124969003809175,0.3216497761098,0.134899283624723,0.0135911015200326
"42",-0.00749828065355875,0.180357679929252,-0.0234106310387067,0.0165421152137493,0.0332736390309221,-0.248804296359076,-0.0760515926580426,-0.0706866551118648,0.088147182656704,-0.17356789987079,-0.241340401875207,0.0696531451917894,-0.0640287434098458,-0.0535994245175159,0.167005167623123,-0.0624382464104632,0.145231123414077,-0.168468347709462,-0.017705707813898,-0.0901388834213896,-0.127483098328657,0.0730219390954926,0.0115046595139171,-0.183772203948248,-0.044815008493012,-0.156850902975837,0.00150654578715658,-0.0193432625687671,0.0578464924526225,0.0559688279972686,0.122010266407972,0.389267551228278,-0.0313886093463447,0.180836322233042,0.0384385716989846,0.130017569914049,0.221708523536722,0.00211300387131395,-0.0468786946751107,-0.079136104298221,0.0469919227118636,-0.0440352540242797,0.151896326782281,-0.0294262136317517,-0.0870177469639354,0.252153798437269,-0.0669101200544047,-0.115894161341502,-0.026692289895464,0.13265091127854,0.16388565912903,0.0257073208152977,0.180152697011798,0.241889156986812,0.166434969571266,-0.0394398576225227,-0.0209812313093569,0.0216308819416727,0.0211104205498477,0.0563224316885648,0.0666432010509995,0.158500872898572,0.0207935360880894,0.0112133229011857,0.0550721777665924,-0.11710331751808,0.335127736069852,-0.0741700661331816,-0.0410711455996514,0.0416742641264344,0.0358672815391113,0.136621045452636,0.143274020613932,-0.113743855880065,-0.048471157808286,0.142745810882226,0.0908235972562977,0.143053323499388,-0.0522978428148623,0.0719036885844391,-0.27991813696063,0.0971398678586571,0.0696835191840715,0.110968760570176,0.0825746928928103,-0.0257726793717515,0.193310775702931,-0.0929366249685672,0.0224365844439087,0.165517903394963,0.131393663167035,0.108696234111118,0.0525485224513822,0.217173683168044,0.0954719193293342,0.190932341203186,0.215303092248972,-0.115006904865792,0.220882372639457,-0.0504687411172781,0.0406258039558603,-0.0503718061141728,-0.0800485040647306,0.141680294084308,-0.107301599300358,0.018694775505597,0.214606750407259,0.140781428949543,0.0791137373579335,0.0718126928204781,-0.174493431767437,0.109407601788943,0.127933307742413,0.306533449789013,0.00368448734812093,0.249719095829143,0.0456837633763822,0.081060831675957,-0.119287216551445,0.109049128732079,0.0443576348826538,-0.176432695489931
"43",-9.15865324126537e-05,0.371238652688344,0.125431134159987,-0.101669827704325,-0.13456655064614,-0.0701545548125046,-0.108971913083803,-0.0236056655912072,0.0810017270729256,-0.128664858834602,-0.199460688785036,-0.0757215875500243,-0.089412005791386,0.16101963372113,-0.0429133439172503,0.0667569681369957,0.273684845761919,-0.0455350143422373,-0.157958417357243,-0.0400136833489974,0.0862579829391051,-0.150646993376105,-0.117445904243005,0.0273282661670141,0.0667827352984842,-0.102101099597854,0.0256692656254109,-0.054047209827193,0.00353249399514349,-0.130504414515427,0.116416303051236,-0.0655512310457611,0.158308984414367,0.114992200441796,-0.139619077363729,0.0242902643605165,0.12037578191127,-0.00952062415369183,0.139522851915817,-0.123160710474387,0.225459014704364,-0.0767321434715061,0.192808289745879,-0.0658305077755998,-0.0234240805418171,-0.131028060391392,-0.20619572664945,-0.0228528595654705,-0.0570502948820104,-0.0309140470258675,0.276610056885869,0.197886113057837,-0.0746768618679687,-0.0502123369597196,0.0824615353370833,-0.0420762421903177,0.0289252479307356,0.073948864363732,0.122466502531668,-0.0721954955106288,0.0637402347849906,-0.199236058926789,0.0525920530799138,0.0287099503273405,-0.19388525936539,0.195181294125885,0.105257794849497,-0.0330073004802106,0.0348276191202394,0.27443514527077,0.0285284918681015,0.119815375039043,-0.114966076625531,-0.112957938215467,0.051302135354165,-0.0113135361155252,0.293132220305166,0.0673415865138546,-0.0534412063806705,-0.0135388975517675,-0.137702406322535,0.0542256970961045,0.0123444592764388,-0.0859174509786591,0.172831226882525,-0.01477751068522,-0.0549783155203853,-0.00617987234897938,0.0380695228940517,-0.0614772978783178,0.210073426433502,-0.036449556903452,0.216930247944677,0.125949519729049,-0.0558659971507986,-0.0344532852585049,0.0562330442543599,-0.151955990354422,0.0489210773261815,-0.038354491366525,0.0408313996802262,0.070780896344933,-0.0098176816853483,-0.0343446120494128,0.163052155938553,-0.0842833782636733,0.0840258773286281,-0.067946729243396,0.0682782221114435,0.162876784599944,0.0601684798339996,0.121389116764374,0.334017182296308,-0.00762620480236332,0.0632307937124403,0.223447783078015,-0.0489712015194307,0.392809235049443,-0.0218888310514614,-0.258854480844041,0.07726319955126,-0.0151058177265532
"44",-0.125015528687971,-0.188724278503087,-0.072872228237941,0.0388555983843037,0.226860089514164,0.150108446159258,-0.121408041029199,-0.199466527372039,-0.100927964544263,-0.0212804167354879,0.0306337543610434,0.0401460958319477,-0.0417994846448372,0.100996605033917,-0.0767017029890718,-0.192274450899877,0.188219471866967,-0.0796668085088959,-0.0567105243812125,0.111061717227164,0.286836630267771,0.0292545099296584,0.251336890346253,-0.112707005532086,0.0400800760221875,0.031558002944283,0.260953769971429,-0.0826961765500686,0.0626047570007521,0.0571081498327555,-0.18418301671729,0.00198788602847212,-0.0324872093015319,-0.00759620038642258,0.119035811825555,0.0399740102620582,-0.0647299224154787,-0.0070894447509141,-0.243506692768798,0.0232190628982562,-0.0246453133070385,-0.0543423974446882,-0.187138139772903,-0.017993341075404,-0.0301742826733035,0.0915694799691814,0.0548083444129771,-0.141404690377295,-0.136370384789687,0.112009491521158,0.0911274833579262,0.0595181450250977,0.0210583531450059,-0.154615170298393,-0.123727407570619,-0.0203093670508847,0.189309893541411,0.131368017108539,0.0768427172267995,0.164981486352439,0.060093555418385,0.0373610528562829,-0.126500935411832,0.0154707788228432,0.24599380240671,0.150523903097626,-0.0020407614750052,0.00147475000954297,-0.113088034129744,-0.211103243588034,0.0162342308017397,0.0672541333929481,-0.0907593584556887,0.160497636087736,-0.0618338570771575,0.103631362253527,0.0680812387850442,0.079417688725975,0.0466029251294111,0.0623820566352487,-0.113096949271589,-0.0329045620943351,0.0865665187087518,0.0310452217528519,0.0863485414386359,-0.155650154096935,0.0783856629731728,-0.109055361732016,0.204795116869995,-0.113731615053215,0.0313193504120838,-0.338350599100875,0.0965883617606725,-0.117708893407785,0.179838051253332,0.0994161476265151,-7.61545035275102e-05,0.325423405742833,0.129236037539845,0.0989008520048266,-0.0122842459076755,-0.097664597444283,-0.0871134079739592,0.164841235199532,0.0535312852329964,0.0448300825828612,-0.11399743843771,-0.0493019616369395,0.168911902242829,-0.0830036822072133,0.0535059211308609,0.257255905283351,0.00266169905551077,0.240902830578703,0.147613439512775,-0.18526403000881,0.279246066315975,0.227485516379769,0.200623477427908,0.0138031902019202,0.177732976179732,-0.123342956362626
"45",-0.161460936204941,0.145073830166873,0.0432027824215371,0.034477252464179,-0.0888086470725194,-0.0410123967144494,0.22297423145873,0.157610257465318,-0.0298042025522478,-0.0785970397044605,-0.183927256076958,0.107201353812564,0.167192900718377,0.03730678959625,-0.0330803865328999,-0.0385704762725935,0.339908414534843,-0.15174357736051,-0.0761322297353602,0.287354109424617,0.182040980409854,-0.266877837613451,0.0149712604524876,-0.142339002008074,0.0179358005812285,-0.0186967262498787,0.00267768739550579,0.124936846514249,-0.0683325026832497,-0.052656227311103,-0.0760529319965954,0.0761233837153724,-0.016118683208029,0.0254145926519692,-0.0854141898966075,-0.0541217012450998,-0.0477869730061593,-0.09607929050643,-0.015067057449591,-0.0876471575383714,-0.170176135284809,0.0941010904404336,0.0948215661863248,0.286389491756561,-0.0842956838539637,0.218034647676989,-0.0555565395855566,-0.0404955419784208,0.0599892575478936,-0.188844915592974,-0.104821785278894,-0.0285677392822385,0.0263853939126366,0.154127780981285,0.139167614544014,0.0716731541208945,-0.0541320581180919,0.243766108463472,0.0285725255556307,-0.00168890850502805,-0.0549416197784606,0.355058316078495,0.178649640241954,-0.0296668956193682,0.0255051578553178,0.0524855548434539,-0.153464204526426,-0.173863044649217,0.159456126175825,-0.14833198784778,0.0524524619808465,0.227905309220614,-0.0467844272205862,0.27927588725989,0.0122823660632895,-0.0363365328444683,-0.0908467246415619,0.162321874586068,0.126228522549583,-0.0687945292480259,0.0629418613359386,-0.0737370188083538,-0.0527145474810691,0.0981593846787655,0.0580136286906716,0.340405616575582,0.0579516380631632,0.359226140281717,0.345371084346968,-0.121242550159703,0.264151219304902,0.268328315244957,-0.134381168654914,0.156658708696538,0.133767120291879,-0.191899009961797,-0.274982830675541,0.213676270714077,-0.0679771956844083,0.101514488061559,-0.0124517411832485,0.00494365843972255,0.00353948041246435,-0.132586035574766,0.0789259505367488,0.0757440911485645,-0.0551636988922875,0.0999458191308875,0.0930274011490063,-0.0411092597448945,0.0587985149358081,0.205246352133604,0.287234963902143,0.126098909231756,0.0778800638335655,0.0420913672867571,0.232479583168955,0.271880033393685,0.259178914655235,0.131295393681153,0.518321121335175,0.108729246894791
"46",-0.0808758994739214,-0.0734328889285558,-0.0386011604598694,-0.00747682521264913,-0.0124942850194284,0.179939504604236,-0.235200050583882,-0.0974189979434471,-0.0178167648514824,-0.0308411491371834,-0.0749006177046691,0.1683354604032,-0.142388775933243,0.112514775831115,0.00348072053105818,-0.198394638108861,0.120295727245029,0.138373463511184,0.062616138064544,-0.156400166318063,0.177977215701949,0.0644997802875822,0.151207745507265,0.119129242171453,0.0193255570412717,-0.0523548756124047,0.0445189929955537,-0.0574511079015703,-0.183561129500506,-0.0100585078272337,-0.0709257179330962,0.187391369430044,-0.0416463772355624,-0.0542232765357288,-0.135261058241096,0.0574737794535274,0.398231223968687,-0.114105457657477,-0.0541194851643171,0.12907092761983,-0.129794312109705,-0.064638098973573,0.128362482822913,-0.176122159268716,-0.169381900730661,0.015211518556325,-0.149342484372555,-0.181832661278532,-0.114538914186031,-0.130861587691855,0.00831365752581388,-0.062394756590836,-0.0230034599762612,-0.0128671343053648,0.178406242668205,0.0132936677532761,0.194097622251753,-0.007549195241105,-0.262906312974001,-0.0777065509339078,-0.25793100088103,-0.0459891903243085,-0.0768938529207722,-0.113338895202365,0.266362334708706,0.0410866351606877,0.199800836815382,-0.0950570108212194,-0.0430436713973285,0.0282007028525454,-0.157506444440387,-0.104212029768044,-0.307822121223113,0.141435090457406,-0.0540027451082554,-0.0703133094930051,-0.10929485699786,-0.0313534970254262,0.159364227786378,-0.14867928745653,0.0919775056070943,-0.0504073121809612,-0.277123671092791,-0.0593267884099376,0.349118726695041,-0.0100266090102997,0.142788667656274,0.0795562547184207,-0.0299060354455338,0.0420568840525604,0.104732393871057,0.228593303417149,0.192082994333717,-0.127233507592154,-0.0619473113228066,-0.125689119845408,0.168969627001518,-0.106240200643431,-0.0161915175641015,-0.308407067116097,-0.052146990801133,0.139451574543511,0.0411317323575796,-0.193774465013103,0.249709616755363,-0.0627560778751064,0.00827977555989265,-0.0385194573267958,0.259309571597398,0.263054229328141,0.367360518059365,0.184719398560774,0.208718246645668,0.166165584212945,0.224477814854251,0.157270178536345,0.17880573729403,0.121028415054251,0.193719990048295,-0.0349748952156952,0.289616090078184,0.127618201788739
"47",-0.0814008010423175,0.0840850844680654,-0.0729851024257863,-0.238796209392901,-0.264150948273051,-0.216854155001929,-0.144425288351734,0.0333479930566843,-0.161361968659095,-0.0329637515205036,-0.0532261846902479,0.191307216606003,0.0943317771381868,0.0389542159264283,-0.112668951368239,-0.105071908743569,-0.0383912257802989,0.0609479169027724,-0.0376791877716167,0.0502682743215582,0.0877652213011893,0.351566086754675,0.0618379915124233,-0.00749655736125765,-0.0488036356354546,0.0898746202523319,-0.0730327428221858,-0.0967545300552063,0.128177259886707,-0.0352422011449702,-0.0639203226154184,-0.0127381147938641,0.297810252069337,-0.0825686051705112,0.0148631453449224,0.104623081936731,0.00916218613645335,-0.121652544608865,0.119319171924666,0.125311956494097,0.118518756303847,0.0401127288919433,-0.028995496279847,0.265664303028116,-0.0663163667078974,-0.0245128697685164,-0.0577437904632714,-0.0735866512935617,-0.0415119325697236,0.205484885191675,0.0673978127182789,-0.0610955653793353,-0.10770114288253,0.0195414398509517,0.0407425306132609,0.141518695367804,-0.122552825846338,0.0283714202044535,0.18356577040844,0.206911816103203,0.053620348660619,0.225791924375523,-0.00202988210977517,-0.000618487605562188,0.135656686193754,0.0773252790722073,0.113870011664713,0.0294323603752351,-0.00614042229913098,0.401333086800104,0.210442956217529,0.473953985216473,-0.0788258399056214,0.290742070155005,-0.1145890870863,-0.0695848849991099,0.174310340082995,0.377411641261012,0.18770641587792,0.0558089358700243,0.0953678580161616,-0.161267319497993,0.076746565231801,0.344082441099569,-0.0211305179758078,0.224059248701402,0.242029254130903,0.226081207405706,0.101913764180462,-0.0035164215380559,-0.200059626734859,-0.0864856319563766,0.19513285211791,0.031933554426523,-0.205803488092109,0.110294580242623,0.307171582508852,0.100067484511637,0.118365436319089,0.165059877756339,-0.114727165201174,0.0832626510334145,0.0512392203887895,0.0978198495833331,0.157380437394884,0.479560536013913,0.251063540487292,-0.0635250314940626,0.0501248185578667,0.209374631547505,0.0360301907355877,0.128901885079226,0.144794888137922,0.336106650723396,-0.11665581211763,0.177380230210615,0.0915617431233454,0.0870281953232248,0.313871086852543,0.303252672729227,0.353658133857168,0.21263359315267
"48",-0.105333263743407,-0.26665028711184,-0.0717834058195978,-0.051520721076184,-0.0964006802537133,-0.0067159403252144,0.101287477504858,0.115272794224651,0.111812335141654,-0.053942964656304,0.0617181605114669,0.0113070701894063,0.212467080655913,-0.156284504233968,-0.0580394000403652,-0.064381024307112,0.0689728668614194,-0.0760054124879907,0.106435895562635,-0.176001071299778,0.173221847244258,0.0919790756036858,0.0146806976203363,0.0505286282315182,-0.256123775276899,-0.191265757563304,-0.121652171812668,0.0784056461422301,0.00634009841227786,0.0922448943475093,0.144168051935491,-0.0708640901040965,0.00653170431137542,-0.105562790292118,0.200169897763145,-0.00904170259518553,-0.18215454906641,0.0832947209927661,0.091776091759242,0.313709098204754,-0.0571114799334879,0.0405108587790504,-0.0455717637090316,-0.0806898907246058,-0.0800333725359689,0.0364468173782503,0.0936225335406714,0.0594924466910822,-0.0778352031895973,-0.0742542985086744,-0.189954406319499,-0.0196873356406281,0.051660934452607,-0.096115428126113,-0.0114196011287747,-0.12595331887606,0.225271862769618,-0.0706608565741539,-0.121869407943221,-0.0934283607458964,-0.0592429919000428,0.0585450496507042,0.0929222429989833,-0.0447329479535809,-0.0988567079358958,-0.0677963039924908,-0.102590045126863,-0.12382996787267,0.036677416485717,0.0125604269270431,-0.0275153641463751,0.159173427449509,0.246954413900492,0.110556557903919,-0.0883149942749716,0.303959898888602,0.218057061823832,-0.151700866061885,-0.111889867103481,0.0913412224499211,-0.139946548646174,-0.030767269248387,-0.204299782114294,0.0649134091438631,-0.0287938854260684,0.0440616934332923,-0.11133838846101,0.235488616991454,-0.12515749985179,-0.197788549110447,0.105020670896265,-0.0881791005099029,0.0140877305696073,0.0137347911918558,0.137598062588525,-0.0901411838831842,0.0324420413040175,-0.0698481741550205,0.0567457469032165,0.0257232700544535,-0.12701184129707,0.0684025056694041,0.133494404821287,0.0674386397745112,0.126366006149458,-0.163427228326608,0.19562737882085,0.0896191384624132,0.169562153005711,0.0893986658046986,0.103379675826945,0.08358328784995,0.364155625330218,0.270867033613104,0.123161169291602,-0.149726076227011,-0.0215613922885708,0.189273040944472,0.0114076250819852,-0.0917503051263507,0.0617453526877696,0.305368707733837
"49",-0.228143406537092,0.0705675233509268,-0.185160226474585,-0.0354703352275238,-0.00737846309205148,-0.0881361182118797,-0.0932210105474719,0.267666904763864,0.0760560088915207,0.0452090305758466,-0.149589265038751,0.113897753847709,0.316993562175888,0.0850508568024861,-0.0543102652738664,-0.121314364045984,-0.00158163523761714,0.0529312164941413,0.0575042784915389,0.0184693396878392,-0.0492601155267416,-0.17968812925246,-0.0297967742864388,0.0581685515634635,0.026798916976557,0.0396029035352672,-0.123278086537573,0.188472177734098,0.134027429540845,-0.0110324480649809,0.0487027953074075,-0.167853826726552,-0.196890844822084,0.144857579397191,-0.0711808613239831,-0.0743224669368968,0.0503602866471284,-0.138637791370818,0.198255718684557,0.0630478507727676,-0.168470641661175,0.118076390955485,-0.129880092139242,-0.0429787953437459,-0.0889451061748356,0.0162725710882641,-0.0269219842955885,0.0253624999814838,-0.107559737017305,0.233700234163862,-0.0784468414917838,0.293212605489701,-0.128266942152425,0.006140005987203,-0.0501655443896136,-0.0212937793088457,-0.0592991605604452,-0.0087353558518397,0.143572153789095,-0.0478126292491222,-0.0821475311769743,-0.0388814296273596,0.0560624205705411,-0.0975458970508889,-0.00397990386384075,-0.0807588887423992,-0.168390797706651,-0.111886820826637,0.0966238163016405,0.0414140259140384,-0.0182610256932088,-0.00792301258534625,-0.0907599839282983,0.0404849738080061,0.0406970180348491,0.174147663320274,-0.264765477097355,0.110945506021386,0.0970476122309791,-0.0763940963335164,0.104550271100001,0.312039195450906,0.140257828986543,-0.0948163830395421,-0.0481941734707499,-0.052452642519824,-0.0598584602367477,-0.170153349694626,0.210592659533561,0.18203888167037,0.028776935157543,-0.101593119148997,-0.0568512078951292,0.0577086572042271,-0.0929085058548377,-0.0415680438420058,0.101751400205272,0.205835084238788,-0.0512356998691297,0.231013084117306,-0.0264359656947978,-0.0355981718324014,0.0959508908207505,0.309453288921595,0.224987535043379,0.0502448550632361,0.0200723724791196,0.224944113836115,0.300013010665478,-0.0729180379860697,-0.226156712432426,0.0100689771799125,-0.0166853630123251,0.212741720594677,0.262239219561976,0.0552576609363758,0.135208878661653,0.274009925521606,0.0537671429391038,0.158287023126131,0.204509405621236,-0.0348296258584955
"50",-0.161667906229032,-0.102474581709679,-0.155289484697055,-0.161984164485624,0.192006257279185,0.0205908299822468,0.0490041527281011,0.0682637329630602,-0.138160837636057,0.0221653821766893,-0.0300274267541712,-0.0395366202688636,-0.00308521767358644,0.00880709086525261,-0.122677483562984,0.0899581640466956,0.190345745499722,0.142226896122326,-0.0884684624984673,0.0326819035030848,-0.178231386563898,0.2815382366249,-0.013688599073282,-0.0431690957542324,0.0891463963026285,-0.198879798409189,-0.125825360218272,-0.0913261701402888,0.0696494937581911,0.214171629249625,0.0552561834472512,0.228392880251489,-0.0158787949082573,-0.160432293982454,-0.123104496664857,-0.0690068156450449,-0.111999377103425,0.260295307131728,0.0370230046001542,0.00861036280726101,-0.0366437645635566,0.111424489202684,0.0524355201713532,0.131457750854056,0.0313622624691824,0.0698397104750095,0.012892558879558,-0.117166478816692,-0.16462888690038,0.0957313645742695,-0.0835927124581077,-0.18561370071108,-0.205886439590512,-0.0602528766278758,0.207430618553681,0.00328079462928239,0.034877785107411,-0.135734061125511,-0.164080905251922,0.183380618849525,0.0201941998408091,-6.97277712977302e-05,-0.153676028472617,-0.12273330990326,-0.0942141404162796,0.13027769127214,-0.0356777528205679,-0.0840387824643122,0.191425250283348,0.0900748365063023,-0.118813644013281,0.0947854685530997,-0.0249807567887271,-0.0896239970245397,-0.168050333987178,-0.201366076290856,0.144956895816109,0.0871834932844841,0.089319099044631,0.0879671294602714,-0.104516584093282,0.159096735113015,0.192589052417504,-0.114830588948017,0.122100656188793,0.166664926428237,0.0165435004137883,0.107896570675042,-0.0222829889510389,-0.0983864824973852,0.162559771933344,-0.0419732843473477,-0.067267438998479,-0.168729377963839,0.128013093849655,-0.0749823919959028,-0.00185547766912917,0.0607116576562139,0.0341615497087195,0.0294687657695279,0.227487257381915,0.0604753343003469,0.131856277761105,-0.0422738757808073,0.0586143282090156,0.0179478947545848,0.31641483572952,0.229322254698517,0.0394587889977966,0.243293060262451,-0.0148412199652942,0.0689541178471637,0.0817727145007719,0.161343725337145,-0.0362438577434107,0.165260910464473,0.0180872940969034,0.145442364660518,0.0495209594513759,0.162596285007951,0.0646981463504845,-0.0595631410639175
